Timestamp, TotalVotes, BidenVoterShare, BidenVotes, TrumpVoterShare, TrumpVotes
2020-11-04T03:03:36Z, 104866, 0.48, 50335.68, 0.505, 52957.33
2020-11-04T03:05:47Z, 730299, 0.566, 413349.234, 0.421, 307455.879
2020-11-04T03:06:25Z, 2203485, 0.55, 1211916.75, 0.437, 962922.945
2020-11-04T03:08:46Z, 2234553, 0.549, 1226769.597, 0.438, 978734.214
2020-11-04T03:10:54Z, 2304343, 0.541, 1246649.563, 0.446, 1027736.978
2020-11-04T03:13:47Z, 2329555, 0.539, 1255630.145, 0.448, 1043640.64
2020-11-04T03:14:48Z, 2331561, 0.539, 1256711.379, 0.449, 1046870.889
2020-11-04T03:16:33Z, 2331651, 0.539, 1256759.889, 0.448, 1044579.648
2020-11-04T03:17:55Z, 2332883, 0.538, 1255091.054, 0.448, 1045131.584
2020-11-04T03:18:15Z, 2346888, 0.539, 1264972.632, 0.447, 1049058.936
2020-11-04T03:22:32Z, 2383450, 0.538, 1282296.1, 0.448, 1067785.6
2020-11-04T03:24:23Z, 2396381, 0.537, 1286856.597, 0.45, 1078371.45
2020-11-04T03:31:35Z, 2396411, 0.537, 1286872.707, 0.45, 1078384.95
2020-11-04T03:34:13Z, 2397005, 0.537, 1287191.685, 0.45, 1078652.25
2020-11-04T03:37:56Z, 2397263, 0.537, 1287330.231, 0.45, 1078768.35
2020-11-04T03:57:01Z, 2398824, 0.537, 1288168.488, 0.45, 1079470.8
2020-11-04T04:03:37Z, 2400954, 0.537, 1289312.298, 0.45, 1080429.3
2020-11-04T04:04:48Z, 2402922, 0.536, 1287966.192, 0.45, 1081314.9
2020-11-04T04:05:29Z, 2403384, 0.536, 1288213.824, 0.45, 1081522.8
2020-11-04T04:07:29Z, 2404551, 0.536, 1288839.336, 0.45, 1082047.95
2020-11-04T04:23:33Z, 2408896, 0.536, 1291168.256, 0.451, 1086412.096
2020-11-04T04:26:30Z, 2410178, 0.535, 1289445.23, 0.451, 1086990.278
2020-11-04T04:38:07Z, 2420394, 0.536, 1297331.184, 0.45, 1089177.3
2020-11-04T05:53:27Z, 2483748, 0.531, 1318870.188, 0.456, 1132589.088
2020-11-04T05:57:55Z, 2483894, 0.531, 1318947.714, 0.456, 1132655.664
2020-11-04T06:01:59Z, 2502286, 0.528, 1321207.008, 0.458, 1146046.988
2020-11-04T06:04:42Z, 2521845, 0.526, 1326490.47, 0.46, 1160048.7
2020-11-04T06:07:45Z, 2533873, 0.526, 1332817.198, 0.461, 1168115.453
2020-11-04T06:17:33Z, 2536236, 0.525, 1331523.9, 0.461, 1169204.796
2020-11-04T06:34:40Z, 2537774, 0.525, 1332331.35, 0.461, 1169913.814
2020-11-04T06:43:46Z, 2550854, 0.524, 1336647.496, 0.463, 1181045.402
2020-11-04T06:48:46Z, 2552808, 0.524, 1337671.392, 0.463, 1181950.104
2020-11-04T06:52:30Z, 2552842, 0.524, 1337689.208, 0.463, 1181965.846
2020-11-04T07:20:03Z, 2567895, 0.523, 1343009.085, 0.463, 1188935.385
2020-11-04T07:20:41Z, 2567903, 0.523, 1343013.269, 0.463, 1188939.089
2020-11-04T07:30:48Z, 2623219, 0.519, 1361450.661, 0.467, 1225043.273
2020-11-04T07:33:40Z, 2638624, 0.518, 1366807.232, 0.469, 1237514.656
2020-11-04T07:39:40Z, 2639559, 0.518, 1367291.562, 0.468, 1235313.612
2020-11-04T14:44:09Z, 2766463, 0.51, 1410896.13, 0.476, 1316836.388
2020-11-04T18:51:42Z, 2766673, 0.51, 1411003.23, 0.476, 1316936.348
2020-11-04T19:39:52Z, 2766739, 0.51, 1411036.89, 0.476, 1316967.764
2020-11-04T20:27:42Z, 2767524, 0.51, 1411437.24, 0.476, 1317341.424
2020-11-05T00:41:41Z, 2773138, 0.51, 1414300.38, 0.476, 1320013.688
2020-11-05T02:02:47Z, 2848675, 0.507, 1444278.225, 0.479, 1364515.325
2020-11-05T07:40:12Z, 2910677, 0.505, 1469891.885, 0.481, 1400035.637
2020-11-05T19:13:40Z, 2912613, 0.505, 1470869.565, 0.481, 1400966.853
2020-11-05T19:45:35Z, 2913245, 0.505, 1471188.725, 0.481, 1401270.845
2020-11-05T19:49:34Z, 2913429, 0.505, 1471281.645, 0.481, 1401359.349
2020-11-05T20:51:36Z, 2914614, 0.505, 1471880.07, 0.481, 1401929.334
2020-11-05T22:57:35Z, 2918839, 0.505, 1474013.695, 0.481, 1403961.559
2020-11-05T23:06:37Z, 2926841, 0.504, 1475127.864, 0.482, 1410737.362
2020-11-06T00:14:38Z, 2932674, 0.504, 1478067.696, 0.483, 1416481.542
2020-11-06T00:34:35Z, 2934297, 0.503, 1475951.391, 0.483, 1417265.451
2020-11-06T00:37:43Z, 2939466, 0.503, 1478551.398, 0.483, 1419762.078
2020-11-06T00:53:35Z, 2945456, 0.503, 1481564.368, 0.483, 1422655.248
2020-11-06T00:56:36Z, 2973800, 0.502, 1492847.6, 0.483, 1436345.4
2020-11-06T01:11:35Z, 2974062, 0.502, 1492979.124, 0.483, 1436471.946
2020-11-06T01:13:36Z, 2976285, 0.503, 1497071.355, 0.483, 1437545.655
2020-11-06T01:27:35Z, 2978242, 0.503, 1498055.726, 0.483, 1438490.886
2020-11-06T02:01:44Z, 3053556, 0.501, 1529831.556, 0.485, 1480974.66
2020-11-06T03:35:42Z, 3054736, 0.501, 1530422.736, 0.485, 1481546.96
2020-11-06T05:27:48Z, 3060449, 0.501, 1533284.949, 0.485, 1484317.765
2020-11-06T16:01:42Z, 3122238, 0.5, 1561119, 0.486, 1517407.668
2020-11-06T16:09:38Z, 3123624, 0.5, 1561812, 0.486, 1518081.264
2020-11-06T16:33:32Z, 3123624, 0.5, 1561812, 0.486, 1518081.264
2020-11-06T19:23:36Z, 3127581, 0.499, 1560662.919, 0.486, 1520004.366
2020-11-06T19:48:35Z, 3128667, 0.499, 1561204.833, 0.486, 1520532.162
2020-11-06T20:27:36Z, 3135333, 0.499, 1564531.167, 0.486, 1523771.838
2020-11-06T22:16:38Z, 3136364, 0.499, 1565045.636, 0.486, 1524272.904
2020-11-06T23:04:37Z, 3141210, 0.499, 1567463.79, 0.486, 1526628.06
2020-11-06T23:13:05Z, 3150091, 0.499, 1571895.409, 0.486, 1530944.226
2020-11-06T23:13:36Z, 3150295, 0.499, 1571997.205, 0.486, 1531043.37
2020-11-06T23:42:34Z, 3152467, 0.499, 1573081.033, 0.486, 1532098.962
2020-11-07T00:27:35Z, 3155443, 0.498, 1571410.614, 0.487, 1536700.741
2020-11-07T01:24:38Z, 3156055, 0.498, 1571715.39, 0.487, 1536998.785
2020-11-07T02:01:44Z, 3227987, 0.497, 1604309.539, 0.488, 1575257.656
2020-11-07T02:02:26Z, 3235450, 0.496, 1604783.2, 0.487, 1575664.15
2020-11-07T15:37:37Z, 3242445, 0.495, 1605010.275, 0.487, 1579070.715
2020-11-07T15:53:37Z, 3244195, 0.495, 1605876.525, 0.487, 1579922.965
2020-11-07T16:01:45Z, 3284602, 0.495, 1625877.99, 0.489, 1606170.378
2020-11-07T20:01:48Z, 3284905, 0.495, 1626027.975, 0.489, 1606318.545
2020-11-07T21:27:39Z, 3285927, 0.495, 1626533.865, 0.489, 1606818.303
2020-11-08T01:02:42Z, 3293046, 0.495, 1630057.77, 0.489, 1610299.494
2020-11-08T02:19:59Z, 3295325, 0.495, 1631185.875, 0.489, 1611413.925
2020-11-08T17:37:42Z, 3295569, 0.495, 1631306.655, 0.489, 1611533.241
2020-11-08T19:29:36Z, 3298607, 0.495, 1632810.465, 0.489, 1613018.823
2020-11-08T23:01:47Z, 3305469, 0.495, 1636207.155, 0.489, 1616374.341
2020-11-08T23:29:43Z, 3308722, 0.495, 1637817.39, 0.489, 1617965.058
2020-11-08T23:34:40Z, 3322208, 0.495, 1644492.96, 0.49, 1627881.92
2020-11-09T00:48:39Z, 3322535, 0.495, 1644654.825, 0.49, 1628042.15
2020-11-09T18:02:37Z, 3322568, 0.495, 1644671.16, 0.49, 1628058.32
2020-11-09T18:08:43Z, 3322659, 0.495, 1644716.205, 0.49, 1628102.91
2020-11-09T18:17:37Z, 3322804, 0.495, 1644787.98, 0.49, 1628173.96
2020-11-09T18:32:35Z, 3323228, 0.495, 1644997.86, 0.49, 1628381.72
2020-11-09T21:05:46Z, 3324015, 0.495, 1645387.425, 0.49, 1628767.35
2020-11-09T22:22:36Z, 3327452, 0.494, 1643761.288, 0.49, 1630451.48
2020-11-09T23:54:39Z, 3328043, 0.494, 1644053.242, 0.49, 1630741.07
2020-11-10T00:29:36Z, 3328462, 0.494, 1644260.228, 0.49, 1630946.38
2020-11-10T00:45:36Z, 3328643, 0.494, 1644349.642, 0.49, 1631035.07
2020-11-10T02:01:42Z, 3335040, 0.494, 1647509.76, 0.49, 1634169.6
