Timestamp, TotalVotes, BidenVoterShare, BidenVotes, TrumpVoterShare, TrumpVotes
2020-11-04T09:23:03Z, 0, 0, 0, 0, 0
2020-11-04T00:14:11Z, 408, 0.326, 133.008, 0.674, 274.992
2020-11-04T00:15:51Z, 127106, 0.618, 78551.508, 0.37, 47029.22
2020-11-04T00:19:55Z, 173638, 0.557, 96716.366, 0.431, 74837.978
2020-11-04T00:21:57Z, 174006, 0.557, 96921.342, 0.432, 75170.592
2020-11-04T00:22:23Z, 174448, 0.556, 96993.088, 0.433, 75535.984
2020-11-04T00:22:53Z, 175150, 0.555, 97208.25, 0.434, 76015.1
2020-11-04T00:23:58Z, 175264, 0.555, 97271.52, 0.434, 76064.576
2020-11-04T00:24:14Z, 175564, 0.554, 97262.456, 0.435, 76370.34
2020-11-04T00:24:49Z, 176131, 0.554, 97576.574, 0.435, 76616.985
2020-11-04T00:25:55Z, 200351, 0.547, 109591.997, 0.442, 88555.142
2020-11-04T00:28:08Z, 213213, 0.533, 113642.529, 0.456, 97225.128
2020-11-04T00:29:54Z, 215268, 0.531, 114307.308, 0.458, 98592.744
2020-11-04T00:30:54Z, 215927, 0.531, 114657.237, 0.458, 98894.566
2020-11-04T00:31:47Z, 216354, 0.531, 114883.974, 0.458, 99090.132
2020-11-04T00:31:54Z, 217327, 0.532, 115617.964, 0.458, 99535.766
2020-11-04T00:32:53Z, 220869, 0.526, 116177.094, 0.464, 102483.216
2020-11-04T00:34:05Z, 221921, 0.526, 116730.446, 0.464, 102971.344
2020-11-04T00:36:20Z, 225197, 0.52, 117102.44, 0.47, 105842.59
2020-11-04T00:36:53Z, 242777, 0.504, 122359.608, 0.486, 117989.622
2020-11-04T00:38:52Z, 244354, 0.502, 122665.708, 0.488, 119244.752
2020-11-04T00:39:56Z, 246674, 0.499, 123090.326, 0.491, 121116.934
2020-11-04T00:40:53Z, 258621, 0.488, 126207.048, 0.503, 130086.363
2020-11-04T00:42:34Z, 267419, 0.479, 128093.701, 0.511, 136651.109
2020-11-04T00:43:54Z, 271345, 0.477, 129431.565, 0.513, 139199.985
2020-11-04T00:44:40Z, 271584, 0.478, 129817.152, 0.513, 139322.592
2020-11-04T00:45:11Z, 272419, 0.477, 129943.863, 0.513, 139750.947
2020-11-04T00:45:53Z, 281914, 0.466, 131371.924, 0.524, 147722.936
2020-11-04T00:47:05Z, 283301, 0.467, 132301.567, 0.524, 148449.724
2020-11-04T00:47:52Z, 283359, 0.466, 132045.294, 0.524, 148480.116
2020-11-04T00:48:54Z, 316754, 0.479, 151725.166, 0.512, 162178.048
2020-11-04T00:49:02Z, 321460, 0.478, 153657.88, 0.512, 164587.52
2020-11-04T00:49:56Z, 350279, 0.482, 168834.478, 0.508, 177941.732
2020-11-04T00:50:56Z, 350408, 0.482, 168896.656, 0.508, 178007.264
2020-11-04T00:51:53Z, 353296, 0.48, 169582.08, 0.51, 180180.96
2020-11-04T00:53:56Z, 392153, 0.467, 183135.451, 0.523, 205096.019
2020-11-04T00:54:59Z, 424293, 0.455, 193053.315, 0.534, 226572.462
2020-11-04T00:56:52Z, 424812, 0.455, 193289.46, 0.534, 226849.608
2020-11-04T00:57:18Z, 424815, 0.455, 193290.825, 0.534, 226851.21
2020-11-04T00:57:52Z, 424929, 0.455, 193342.695, 0.535, 227337.015
2020-11-04T00:58:52Z, 430471, 0.452, 194572.892, 0.538, 231593.398
2020-11-04T00:59:38Z, 503994, 0.503, 253508.982, 0.487, 245445.078
2020-11-04T00:59:54Z, 510533, 0.5, 255266.5, 0.49, 250161.17
2020-11-04T01:03:53Z, 510673, 0.5, 255336.5, 0.49, 250229.77
2020-11-04T01:04:54Z, 519617, 0.495, 257210.415, 0.495, 257210.415
2020-11-04T01:05:56Z, 534401, 0.488, 260787.688, 0.502, 268269.302
2020-11-04T01:06:57Z, 568435, 0.474, 269438.19, 0.516, 293312.46
2020-11-04T01:10:54Z, 579645, 0.471, 273012.795, 0.52, 301415.4
2020-11-04T01:11:58Z, 648655, 0.478, 310057.09, 0.512, 332111.36
2020-11-04T01:12:16Z, 657166, 0.474, 311496.684, 0.517, 339754.822
2020-11-04T01:12:54Z, 666560, 0.469, 312616.64, 0.521, 347277.76
2020-11-04T01:13:56Z, 781214, 0.447, 349202.658, 0.543, 424199.202
2020-11-04T01:14:54Z, 781684, 0.446, 348631.064, 0.544, 425236.096
2020-11-04T01:15:55Z, 782301, 0.446, 348906.246, 0.543, 424789.443
2020-11-04T01:17:02Z, 810392, 0.445, 360624.44, 0.545, 441663.64
2020-11-04T01:17:56Z, 841029, 0.436, 366688.644, 0.554, 465930.066
2020-11-04T01:18:54Z, 842372, 0.436, 367274.192, 0.554, 466674.088
2020-11-04T01:19:54Z, 849657, 0.437, 371300.109, 0.553, 469860.321
2020-11-04T01:20:54Z, 863662, 0.433, 373965.646, 0.558, 481923.396
2020-11-04T01:21:57Z, 882649, 0.429, 378656.421, 0.561, 495166.089
2020-11-04T01:23:01Z, 896024, 0.431, 386186.344, 0.559, 500877.416
2020-11-04T01:23:56Z, 915330, 0.426, 389930.58, 0.564, 516246.12
2020-11-04T01:24:58Z, 928777, 0.424, 393801.448, 0.566, 525687.782
2020-11-04T01:25:53Z, 929552, 0.423, 393200.496, 0.567, 527055.984
2020-11-04T01:26:57Z, 941515, 0.422, 397319.33, 0.568, 534780.52
2020-11-04T01:28:00Z, 943775, 0.422, 398273.05, 0.568, 536064.2
2020-11-04T01:29:03Z, 955466, 0.42, 401295.72, 0.57, 544615.62
2020-11-04T01:29:55Z, 1068686, 0.427, 456328.922, 0.563, 601670.218
2020-11-04T01:30:56Z, 1153531, 0.428, 493711.268, 0.562, 648284.422
2020-11-04T01:31:56Z, 1154064, 0.428, 493939.392, 0.562, 648583.968
2020-11-04T01:32:58Z, 1191945, 0.432, 514920.24, 0.558, 665105.31
2020-11-04T01:33:25Z, 1191964, 0.432, 514928.448, 0.558, 665115.912
2020-11-04T01:33:55Z, 1200228, 0.431, 517298.268, 0.559, 670927.452
2020-11-04T01:34:53Z, 1201399, 0.431, 517802.969, 0.559, 671582.041
2020-11-04T01:35:55Z, 1218222, 0.428, 521399.016, 0.562, 684640.764
2020-11-04T01:36:54Z, 1219202, 0.428, 521818.456, 0.562, 685191.524
2020-11-04T01:36:59Z, 1224273, 0.427, 522764.571, 0.563, 689265.699
2020-11-04T01:37:57Z, 1227774, 0.427, 524259.498, 0.563, 691236.762
2020-11-04T01:38:19Z, 1227800, 0.427, 524270.6, 0.563, 691251.4
2020-11-04T01:39:55Z, 1232747, 0.427, 526382.969, 0.563, 694036.561
2020-11-04T01:40:53Z, 1245972, 0.424, 528292.128, 0.566, 705220.152
2020-11-04T01:42:00Z, 1260369, 0.422, 531875.718, 0.568, 715889.592
2020-11-04T01:42:47Z, 1260381, 0.422, 531880.782, 0.568, 715896.408
2020-11-04T01:42:56Z, 1315583, 0.431, 567016.273, 0.559, 735410.897
2020-11-04T01:43:55Z, 1320201, 0.43, 567686.43, 0.56, 739312.56
2020-11-04T01:46:56Z, 1362223, 0.435, 592567.005, 0.555, 756033.765
2020-11-04T01:47:56Z, 1388244, 0.432, 599721.408, 0.558, 774640.152
2020-11-04T01:49:55Z, 1409056, 0.431, 607303.136, 0.559, 787662.304
2020-11-04T01:50:53Z, 1409070, 0.431, 607309.17, 0.559, 787670.13
2020-11-04T01:51:02Z, 1472557, 0.432, 636144.624, 0.558, 821686.806
2020-11-04T01:51:28Z, 1474832, 0.432, 637127.424, 0.558, 822956.256
2020-11-04T01:51:59Z, 1496455, 0.432, 646468.56, 0.558, 835021.89
2020-11-04T01:53:09Z, 1508133, 0.431, 650005.323, 0.559, 843046.347
2020-11-04T01:53:55Z, 1562887, 0.424, 662664.088, 0.566, 884594.042
2020-11-04T01:54:55Z, 1579565, 0.421, 664996.865, 0.569, 898772.485
2020-11-04T01:56:08Z, 1579866, 0.421, 665123.586, 0.569, 898943.754
2020-11-04T01:56:54Z, 1586264, 0.42, 666230.88, 0.569, 902584.216
2020-11-04T01:57:53Z, 1587187, 0.42, 666618.54, 0.569, 903109.403
2020-11-04T01:58:53Z, 1588059, 0.42, 666984.78, 0.57, 905193.63
2020-11-04T01:59:04Z, 1608796, 0.419, 674085.524, 0.571, 918622.516
2020-11-04T01:59:54Z, 1616088, 0.418, 675524.784, 0.571, 922786.248
2020-11-04T02:01:00Z, 1617974, 0.418, 676313.132, 0.572, 925481.128
2020-11-04T02:01:57Z, 1622252, 0.418, 678101.336, 0.572, 927928.144
2020-11-04T02:02:55Z, 1622654, 0.418, 678269.372, 0.572, 928158.088
2020-11-04T02:03:30Z, 1623243, 0.418, 678515.574, 0.572, 928494.996
2020-11-04T02:03:57Z, 1626224, 0.418, 679761.632, 0.572, 930200.128
2020-11-04T02:04:55Z, 1645075, 0.415, 682706.125, 0.574, 944273.05
2020-11-04T02:04:59Z, 1654891, 0.414, 685124.874, 0.575, 951562.325
2020-11-04T02:06:18Z, 1682849, 0.414, 696699.486, 0.575, 967638.175
2020-11-04T02:06:41Z, 1685153, 0.414, 697653.342, 0.576, 970648.128
2020-11-04T02:06:59Z, 1699536, 0.413, 701908.368, 0.577, 980632.272
2020-11-04T02:07:54Z, 1704418, 0.412, 702220.216, 0.577, 983449.186
2020-11-04T02:08:55Z, 1705834, 0.412, 702803.608, 0.578, 985972.052
2020-11-04T02:09:19Z, 1710670, 0.412, 704796.04, 0.577, 987056.59
2020-11-04T02:09:47Z, 1710693, 0.412, 704805.516, 0.577, 987069.861
2020-11-04T02:10:01Z, 1713603, 0.412, 706004.436, 0.577, 988748.931
2020-11-04T02:10:55Z, 1715363, 0.412, 706729.556, 0.578, 991479.814
2020-11-04T02:11:17Z, 1762356, 0.411, 724328.316, 0.579, 1020404.124
2020-11-04T02:12:02Z, 1810333, 0.408, 738615.864, 0.581, 1051803.473
2020-11-04T02:13:02Z, 1810382, 0.408, 738635.856, 0.581, 1051831.942
2020-11-04T02:13:28Z, 1811008, 0.408, 738891.264, 0.581, 1052195.648
2020-11-04T02:13:56Z, 1843383, 0.407, 750256.881, 0.582, 1072848.906
2020-11-04T02:14:24Z, 1843391, 0.407, 750260.137, 0.582, 1072853.562
2020-11-04T02:15:00Z, 1928933, 0.417, 804365.061, 0.573, 1105278.609
2020-11-04T02:15:54Z, 1931908, 0.416, 803673.728, 0.573, 1106983.284
2020-11-04T02:17:06Z, 1933654, 0.416, 804400.064, 0.573, 1107983.742
2020-11-04T02:17:54Z, 1936604, 0.416, 805627.264, 0.574, 1111610.696
2020-11-04T02:22:19Z, 1936925, 0.416, 805760.8, 0.574, 1111794.95
2020-11-04T02:22:45Z, 1948605, 0.414, 806722.47, 0.575, 1120447.875
2020-11-04T02:23:11Z, 1949396, 0.414, 807049.944, 0.575, 1120902.7
2020-11-04T02:23:57Z, 2031459, 0.417, 847118.403, 0.573, 1164026.007
2020-11-04T02:25:27Z, 2076472, 0.42, 872118.24, 0.569, 1181512.568
2020-11-04T02:25:50Z, 2076953, 0.42, 872320.26, 0.569, 1181786.257
2020-11-04T02:26:58Z, 2076987, 0.42, 872334.54, 0.569, 1181805.603
2020-11-04T02:28:41Z, 2119178, 0.42, 890054.76, 0.569, 1205812.282
2020-11-04T02:31:44Z, 2135196, 0.418, 892511.928, 0.571, 1219196.916
2020-11-04T02:34:13Z, 2168141, 0.417, 904114.797, 0.572, 1240176.652
2020-11-04T02:34:41Z, 2172117, 0.416, 903600.672, 0.573, 1244623.041
2020-11-04T02:35:31Z, 2234599, 0.415, 927358.585, 0.574, 1282659.826
2020-11-04T02:36:12Z, 2304694, 0.422, 972580.868, 0.567, 1306761.498
2020-11-04T02:36:54Z, 2304753, 0.422, 972605.766, 0.567, 1306794.951
2020-11-04T02:37:58Z, 2306101, 0.422, 973174.622, 0.567, 1307559.267
2020-11-04T02:38:34Z, 2308498, 0.421, 971877.658, 0.567, 1308918.366
2020-11-04T02:40:17Z, 2319074, 0.421, 976330.154, 0.568, 1317234.032
2020-11-04T02:40:32Z, 2339069, 0.421, 984748.049, 0.568, 1328591.192
2020-11-04T02:42:43Z, 2360739, 0.419, 989149.641, 0.57, 1345621.23
2020-11-04T02:43:35Z, 2362885, 0.419, 990048.815, 0.57, 1346844.45
2020-11-04T02:44:58Z, 2367195, 0.418, 989487.51, 0.571, 1351668.345
2020-11-04T02:46:01Z, 2377081, 0.418, 993619.858, 0.571, 1357313.251
2020-11-04T02:46:59Z, 2437500, 0.422, 1028625, 0.566, 1379625
2020-11-04T02:49:11Z, 2439693, 0.422, 1029550.446, 0.566, 1380866.238
2020-11-04T02:50:04Z, 2450931, 0.422, 1034292.882, 0.567, 1389677.877
2020-11-04T02:50:23Z, 2456703, 0.421, 1034271.963, 0.567, 1392950.601
2020-11-04T02:50:40Z, 2491325, 0.421, 1048847.825, 0.567, 1412581.275
2020-11-04T02:50:57Z, 2491404, 0.421, 1048881.084, 0.567, 1412626.068
2020-11-04T02:51:39Z, 2493107, 0.421, 1049598.047, 0.568, 1416084.776
2020-11-04T02:52:21Z, 2503613, 0.421, 1054021.073, 0.568, 1422052.184
2020-11-04T02:52:51Z, 2503616, 0.421, 1054022.336, 0.568, 1422053.888
2020-11-04T02:54:20Z, 2503630, 0.421, 1054028.23, 0.568, 1422061.84
2020-11-04T02:54:49Z, 2505309, 0.421, 1054735.089, 0.568, 1423015.512
2020-11-04T02:55:05Z, 2510681, 0.42, 1054486.02, 0.568, 1426066.808
2020-11-04T02:55:28Z, 2599595, 0.425, 1104827.875, 0.564, 1466171.58
2020-11-04T02:55:54Z, 2609118, 0.424, 1106266.032, 0.565, 1474151.67
2020-11-04T02:59:47Z, 2665442, 0.428, 1140809.176, 0.56, 1492647.52
2020-11-04T03:00:18Z, 2682331, 0.43, 1153402.33, 0.558, 1496740.698
2020-11-04T03:00:48Z, 2687734, 0.43, 1155725.62, 0.559, 1502443.306
2020-11-04T03:02:54Z, 2693433, 0.429, 1155482.757, 0.559, 1505629.047
2020-11-04T03:05:34Z, 2717317, 0.431, 1171163.627, 0.558, 1516262.886
2020-11-04T03:06:34Z, 2727004, 0.431, 1175338.724, 0.558, 1521668.232
2020-11-04T03:06:45Z, 2732639, 0.43, 1175034.77, 0.558, 1524812.562
2020-11-04T03:08:38Z, 2736879, 0.431, 1179594.849, 0.558, 1527178.482
2020-11-04T03:09:07Z, 2737770, 0.431, 1179978.87, 0.558, 1527675.66
2020-11-04T03:11:13Z, 2738068, 0.431, 1180107.308, 0.558, 1527841.944
2020-11-04T03:11:26Z, 2738071, 0.431, 1180108.601, 0.558, 1527843.618
2020-11-04T03:12:28Z, 2743512, 0.431, 1182453.672, 0.558, 1530879.696
2020-11-04T03:14:17Z, 2747420, 0.431, 1184138.02, 0.558, 1533060.36
2020-11-04T03:15:32Z, 2747421, 0.431, 1184138.451, 0.558, 1533060.918
2020-11-04T03:16:53Z, 2751910, 0.43, 1183321.3, 0.558, 1535565.78
2020-11-04T03:17:54Z, 2760835, 0.43, 1187159.05, 0.558, 1540545.93
2020-11-04T03:18:54Z, 2764585, 0.43, 1188771.55, 0.558, 1542638.43
2020-11-04T03:19:45Z, 2781999, 0.429, 1193477.571, 0.559, 1555137.441
2020-11-04T03:21:21Z, 2782340, 0.429, 1193623.86, 0.559, 1555328.06
2020-11-04T03:21:49Z, 2785339, 0.429, 1194910.431, 0.559, 1557004.501
2020-11-04T03:23:48Z, 2842553, 0.428, 1216612.684, 0.56, 1591829.68
2020-11-04T03:23:54Z, 2894907, 0.431, 1247704.917, 0.557, 1612463.199
2020-11-04T03:25:16Z, 2894989, 0.431, 1247740.259, 0.557, 1612508.873
2020-11-04T03:25:34Z, 2895064, 0.431, 1247772.584, 0.557, 1612550.648
2020-11-04T03:27:15Z, 2895553, 0.431, 1247983.343, 0.557, 1612823.021
2020-11-04T03:28:30Z, 2931544, 0.434, 1272290.096, 0.554, 1624075.376
2020-11-04T03:29:54Z, 2931640, 0.434, 1272331.76, 0.554, 1624128.56
2020-11-04T03:30:13Z, 2936909, 0.434, 1274618.506, 0.554, 1627047.586
2020-11-04T03:31:30Z, 2942816, 0.434, 1277182.144, 0.554, 1630320.064
2020-11-04T03:31:54Z, 2977051, 0.434, 1292040.134, 0.554, 1649286.254
2020-11-04T03:34:03Z, 3013034, 0.433, 1304643.722, 0.555, 1672233.87
2020-11-04T03:34:11Z, 3034607, 0.432, 1310950.224, 0.556, 1687241.492
2020-11-04T03:35:06Z, 3045296, 0.432, 1315567.872, 0.556, 1693184.576
2020-11-04T03:36:53Z, 3053727, 0.432, 1319210.064, 0.556, 1697872.212
2020-11-04T03:37:30Z, 3053751, 0.432, 1319220.432, 0.556, 1697885.556
2020-11-04T03:38:52Z, 3063437, 0.431, 1320341.347, 0.557, 1706334.409
2020-11-04T03:40:13Z, 3070925, 0.431, 1323568.675, 0.557, 1710505.225
2020-11-04T03:41:58Z, 3072418, 0.431, 1324212.158, 0.557, 1711336.826
2020-11-04T03:43:46Z, 3078921, 0.432, 1330093.872, 0.556, 1711880.076
2020-11-04T03:45:25Z, 3078999, 0.432, 1330127.568, 0.556, 1711923.444
2020-11-04T03:46:21Z, 3108383, 0.434, 1349038.222, 0.553, 1718935.799
2020-11-04T03:46:44Z, 3113736, 0.434, 1351361.424, 0.554, 1725009.744
2020-11-04T03:49:32Z, 3127449, 0.435, 1360440.315, 0.553, 1729479.297
2020-11-04T03:50:20Z, 3128849, 0.435, 1361049.315, 0.553, 1730253.497
2020-11-04T03:52:34Z, 3157350, 0.433, 1367132.55, 0.555, 1752329.25
2020-11-04T03:55:36Z, 3210899, 0.434, 1393530.166, 0.553, 1775627.147
2020-11-04T03:57:52Z, 3290136, 0.445, 1464110.52, 0.543, 1786543.848
2020-11-04T04:00:40Z, 3291550, 0.445, 1464739.75, 0.543, 1787311.65
2020-11-04T04:01:43Z, 3291574, 0.445, 1464750.43, 0.543, 1787324.682
2020-11-04T04:04:30Z, 3291575, 0.445, 1464750.875, 0.543, 1787325.225
2020-11-04T04:06:43Z, 3361651, 0.442, 1485849.742, 0.546, 1835461.446
2020-11-04T04:13:48Z, 3368625, 0.442, 1488932.25, 0.546, 1839269.25
2020-11-04T04:14:14Z, 3419813, 0.444, 1518396.972, 0.544, 1860378.272
2020-11-04T04:14:35Z, 3421109, 0.444, 1518972.396, 0.544, 1861083.296
2020-11-04T04:15:33Z, 3443180, 0.443, 1525328.74, 0.545, 1876533.1
2020-11-04T04:16:02Z, 3444469, 0.443, 1525899.767, 0.545, 1877235.605
2020-11-04T04:16:46Z, 3444481, 0.443, 1525905.083, 0.545, 1877242.145
2020-11-04T04:17:23Z, 3525742, 0.446, 1572480.932, 0.542, 1910952.164
2020-11-04T04:22:09Z, 3525743, 0.446, 1572481.378, 0.542, 1910952.706
2020-11-04T04:23:20Z, 3526491, 0.446, 1572814.986, 0.542, 1911358.122
2020-11-04T04:25:22Z, 3526568, 0.446, 1572849.328, 0.542, 1911399.856
2020-11-04T04:26:17Z, 3528484, 0.446, 1573703.864, 0.542, 1912438.328
2020-11-04T04:30:05Z, 3560043, 0.446, 1587779.178, 0.541, 1925983.263
2020-11-04T04:31:59Z, 3568321, 0.447, 1595039.487, 0.54, 1926893.34
2020-11-04T04:34:04Z, 3584425, 0.448, 1605822.4, 0.54, 1935589.5
2020-11-04T04:35:49Z, 3586334, 0.447, 1603091.298, 0.54, 1936620.36
2020-11-04T04:39:19Z, 3595454, 0.448, 1610763.392, 0.54, 1941545.16
2020-11-04T04:41:09Z, 3780874, 0.454, 1716516.796, 0.534, 2018986.716
2020-11-04T04:41:21Z, 3780998, 0.454, 1716573.092, 0.534, 2019052.932
2020-11-04T04:42:34Z, 3783078, 0.454, 1717517.412, 0.534, 2020163.652
2020-11-04T04:44:20Z, 3786387, 0.454, 1719019.698, 0.534, 2021930.658
2020-11-04T04:46:26Z, 3800729, 0.453, 1721730.237, 0.535, 2033390.015
2020-11-04T04:47:43Z, 3801470, 0.453, 1722065.91, 0.535, 2033786.45
2020-11-04T04:48:28Z, 3801772, 0.453, 1722202.716, 0.535, 2033948.02
2020-11-04T04:48:54Z, 3801884, 0.453, 1722253.452, 0.534, 2030206.056
2020-11-04T04:49:03Z, 3804335, 0.453, 1723363.755, 0.535, 2035319.225
2020-11-04T04:51:10Z, 3833502, 0.453, 1736576.406, 0.535, 2050923.57
2020-11-04T04:52:04Z, 3833504, 0.453, 1736577.312, 0.535, 2050924.64
2020-11-04T04:53:58Z, 3918455, 0.449, 1759386.295, 0.539, 2112047.245
2020-11-04T04:55:55Z, 3956765, 0.447, 1768673.955, 0.541, 2140609.865
2020-11-04T04:58:39Z, 3982772, 0.447, 1780299.084, 0.541, 2154679.652
2020-11-04T05:02:37Z, 4010627, 0.449, 1800771.523, 0.538, 2157717.326
2020-11-04T05:05:14Z, 4010628, 0.449, 1800771.972, 0.538, 2157717.864
2020-11-04T05:05:49Z, 4012673, 0.449, 1801690.177, 0.538, 2158818.074
2020-11-04T05:08:33Z, 4065554, 0.454, 1845761.516, 0.534, 2171005.836
2020-11-04T05:14:30Z, 4088909, 0.454, 1856364.686, 0.534, 2183477.406
2020-11-04T05:18:58Z, 4112396, 0.458, 1883477.368, 0.53, 2179569.88
2020-11-04T05:19:48Z, 4115565, 0.458, 1884928.77, 0.53, 2181249.45
2020-11-04T05:20:27Z, 4116531, 0.458, 1885371.198, 0.53, 2181761.43
2020-11-04T05:22:15Z, 4129470, 0.457, 1887167.79, 0.53, 2188619.1
2020-11-04T05:23:16Z, 4129613, 0.457, 1887233.141, 0.53, 2188694.89
2020-11-04T05:24:34Z, 4130706, 0.457, 1887732.642, 0.53, 2189274.18
2020-11-04T05:24:45Z, 4130761, 0.457, 1887757.777, 0.53, 2189303.33
2020-11-04T05:30:03Z, 4131948, 0.457, 1888300.236, 0.53, 2189932.44
2020-11-04T05:30:58Z, 4135390, 0.457, 1889873.23, 0.53, 2191756.7
2020-11-04T05:32:38Z, 4137030, 0.457, 1890622.71, 0.53, 2192625.9
2020-11-04T05:35:26Z, 4177709, 0.458, 1913390.722, 0.53, 2214185.77
2020-11-04T05:37:31Z, 4177828, 0.458, 1913445.224, 0.53, 2214248.84
2020-11-04T05:45:17Z, 4177851, 0.458, 1913455.758, 0.53, 2214261.03
2020-11-04T05:51:49Z, 4204269, 0.458, 1925555.202, 0.529, 2224058.301
2020-11-04T05:55:11Z, 4280604, 0.462, 1977639.048, 0.526, 2251597.704
2020-11-04T05:57:38Z, 4312570, 0.465, 2005345.05, 0.523, 2255474.11
2020-11-04T05:58:03Z, 4331360, 0.465, 2014082.4, 0.523, 2265301.28
2020-11-04T06:00:21Z, 4331405, 0.465, 2014103.325, 0.523, 2265324.815
2020-11-04T06:01:09Z, 4358997, 0.467, 2035651.599, 0.521, 2271037.437
2020-11-04T06:06:06Z, 4367114, 0.467, 2039442.238, 0.521, 2275266.394
2020-11-04T06:12:24Z, 4338148, 0.466, 2021576.968, 0.522, 2264513.256
2020-11-04T06:19:49Z, 4365353, 0.464, 2025523.792, 0.523, 2283079.619
2020-11-04T06:21:49Z, 4394834, 0.464, 2039202.976, 0.523, 2298498.182
2020-11-04T06:23:49Z, 4463227, 0.467, 2084327.009, 0.52, 2320878.04
2020-11-04T06:32:50Z, 4463897, 0.467, 2084639.899, 0.52, 2321226.44
2020-11-04T06:34:49Z, 4626656, 0.48, 2220794.88, 0.508, 2350341.248
2020-11-04T06:36:50Z, 4671046, 0.481, 2246773.126, 0.506, 2363549.276
2020-11-04T07:04:51Z, 4671331, 0.481, 2246910.211, 0.506, 2363693.486
2020-11-04T07:05:51Z, 4673913, 0.481, 2248152.153, 0.506, 2364999.978
2020-11-04T07:46:55Z, 4674493, 0.481, 2248431.133, 0.506, 2365293.458
2020-11-04T07:58:51Z, 4674661, 0.481, 2248511.941, 0.506, 2365378.466
2020-11-04T08:14:56Z, 4719993, 0.483, 2279756.619, 0.505, 2383596.465
2020-11-04T12:12:37Z, 4723235, 0.483, 2281322.505, 0.505, 2385233.675
2020-11-04T13:59:53Z, 4723313, 0.483, 2281360.179, 0.505, 2385273.065
2020-11-04T16:32:54Z, 4723815, 0.483, 2281602.645, 0.505, 2385526.575
2020-11-04T16:34:54Z, 4725910, 0.483, 2282614.53, 0.505, 2386584.55
2020-11-04T16:35:51Z, 4727105, 0.483, 2283191.715, 0.505, 2387188.025
2020-11-04T17:12:53Z, 4746349, 0.485, 2301979.265, 0.503, 2387413.547
2020-11-04T17:39:52Z, 4746596, 0.485, 2302099.06, 0.503, 2387537.788
2020-11-04T17:43:50Z, 4749034, 0.485, 2303281.49, 0.503, 2388764.102
2020-11-04T17:48:51Z, 4751410, 0.485, 2304433.85, 0.503, 2389959.23
2020-11-04T18:30:58Z, 4755539, 0.485, 2306436.415, 0.503, 2392036.117
2020-11-04T18:34:51Z, 4755541, 0.485, 2306437.385, 0.503, 2392037.123
2020-11-04T19:10:51Z, 4756040, 0.485, 2306679.4, 0.503, 2392288.12
2020-11-04T19:26:50Z, 4756331, 0.485, 2306820.535, 0.503, 2392434.493
2020-11-04T19:30:51Z, 4756411, 0.485, 2306859.335, 0.503, 2392474.733
2020-11-04T19:34:50Z, 4757222, 0.485, 2307252.67, 0.503, 2392882.666
2020-11-04T19:42:51Z, 4763146, 0.485, 2310125.81, 0.502, 2391099.292
2020-11-04T20:12:54Z, 4768051, 0.486, 2317272.786, 0.502, 2393561.602
2020-11-04T20:32:50Z, 4768052, 0.486, 2317273.272, 0.502, 2393562.104
2020-11-04T20:39:50Z, 4768063, 0.486, 2317278.618, 0.502, 2393567.626
2020-11-04T20:47:51Z, 4768064, 0.486, 2317279.104, 0.502, 2393568.128
2020-11-04T20:49:54Z, 4774621, 0.486, 2320465.806, 0.502, 2396859.742
2020-11-04T20:51:52Z, 4778047, 0.486, 2322130.842, 0.502, 2398579.594
2020-11-04T21:11:53Z, 4778390, 0.486, 2322297.54, 0.502, 2398751.78
2020-11-04T21:28:53Z, 4779081, 0.486, 2322633.366, 0.502, 2399098.662
2020-11-04T21:31:51Z, 4779656, 0.486, 2322912.816, 0.502, 2399387.312
2020-11-04T21:43:52Z, 4796608, 0.487, 2335948.096, 0.501, 2403100.608
2020-11-04T21:54:51Z, 4798246, 0.487, 2336745.802, 0.501, 2403921.246
2020-11-04T22:11:31Z, 4799612, 0.487, 2337411.044, 0.501, 2404605.612
2020-11-04T22:24:51Z, 4799616, 0.487, 2337412.992, 0.501, 2404607.616
2020-11-04T22:39:51Z, 4800744, 0.487, 2337962.328, 0.501, 2405172.744
2020-11-04T22:51:51Z, 4810817, 0.487, 2342867.879, 0.501, 2410219.317
2020-11-04T22:52:13Z, 4820190, 0.488, 2352252.72, 0.5, 2410095
2020-11-04T22:53:50Z, 4824774, 0.488, 2354489.712, 0.5, 2412387
2020-11-04T22:55:50Z, 4827481, 0.488, 2355810.728, 0.5, 2413740.5
2020-11-04T22:58:32Z, 4832098, 0.488, 2358063.824, 0.5, 2416049
2020-11-04T23:10:52Z, 4832616, 0.488, 2358316.608, 0.5, 2416308
2020-11-05T00:00:53Z, 4834226, 0.488, 2359102.288, 0.5, 2417113
2020-11-05T00:18:46Z, 4850916, 0.489, 2372097.924, 0.499, 2420607.084
2020-11-05T00:24:51Z, 4856434, 0.489, 2374796.226, 0.499, 2423360.566
2020-11-05T00:27:48Z, 4857496, 0.489, 2375315.544, 0.499, 2423890.504
2020-11-05T00:49:51Z, 4860292, 0.489, 2376682.788, 0.499, 2425285.708
2020-11-05T00:57:49Z, 4861044, 0.489, 2377050.516, 0.499, 2425660.956
2020-11-05T01:12:49Z, 4861305, 0.489, 2377178.145, 0.499, 2425791.195
2020-11-05T01:26:37Z, 4875816, 0.49, 2389149.84, 0.498, 2428156.368
2020-11-05T01:33:51Z, 4875826, 0.49, 2389154.74, 0.498, 2428161.348
2020-11-05T01:59:46Z, 4876249, 0.49, 2389362.01, 0.498, 2428372.002
2020-11-05T02:16:50Z, 4877663, 0.49, 2390054.87, 0.498, 2429076.174
2020-11-05T02:50:36Z, 4874421, 0.49, 2388466.29, 0.498, 2427461.658
2020-11-05T02:54:08Z, 4873055, 0.49, 2387796.95, 0.498, 2426781.39
2020-11-05T03:00:29Z, 4879735, 0.49, 2391070.15, 0.497, 2425228.295
2020-11-05T03:08:39Z, 4879737, 0.49, 2391071.13, 0.497, 2425229.289
2020-11-05T03:40:00Z, 4882865, 0.491, 2397486.715, 0.497, 2426783.905
2020-11-05T05:23:50Z, 4887209, 0.491, 2399619.619, 0.497, 2428942.873
2020-11-05T06:06:21Z, 4892017, 0.491, 2401980.347, 0.496, 2426440.432
2020-11-05T06:11:29Z, 4897670, 0.491, 2404755.97, 0.496, 2429244.32
2020-11-05T10:53:48Z, 4906138, 0.492, 2413819.896, 0.496, 2433444.448
2020-11-05T13:44:46Z, 4907502, 0.492, 2414490.984, 0.496, 2434120.992
2020-11-05T14:00:40Z, 4907504, 0.492, 2414491.968, 0.496, 2434121.984
2020-11-05T14:45:47Z, 4907766, 0.492, 2414620.872, 0.496, 2434251.936
2020-11-05T14:49:49Z, 4907768, 0.492, 2414621.856, 0.496, 2434252.928
2020-11-05T15:45:30Z, 4908967, 0.492, 2415211.764, 0.496, 2434847.632
2020-11-05T15:48:46Z, 4908971, 0.492, 2415213.732, 0.496, 2434849.616
2020-11-05T16:33:27Z, 4915101, 0.492, 2418229.692, 0.495, 2432974.995
2020-11-05T16:44:38Z, 4915101, 0.492, 2418229.692, 0.495, 2432974.995
2020-11-05T16:45:27Z, 4915320, 0.492, 2418337.44, 0.495, 2433083.4
2020-11-05T17:14:46Z, 4915914, 0.492, 2418629.688, 0.495, 2433377.43
2020-11-05T17:15:31Z, 4919125, 0.492, 2420209.5, 0.495, 2434966.875
2020-11-05T17:45:30Z, 4919921, 0.492, 2420601.132, 0.495, 2435360.895
2020-11-05T17:48:46Z, 4919922, 0.492, 2420601.624, 0.495, 2435361.39
2020-11-05T18:45:29Z, 4919968, 0.492, 2420624.256, 0.495, 2435384.16
2020-11-05T19:12:13Z, 4920907, 0.492, 2421086.244, 0.495, 2435848.965
2020-11-05T19:15:31Z, 4920908, 0.492, 2421086.736, 0.495, 2435849.46
2020-11-05T19:32:42Z, 4921494, 0.492, 2421375.048, 0.495, 2436139.53
2020-11-05T19:38:40Z, 4921497, 0.492, 2421376.524, 0.495, 2436141.015
2020-11-05T20:02:40Z, 4921516, 0.492, 2421385.872, 0.495, 2436150.42
2020-11-05T20:27:40Z, 4925106, 0.492, 2423152.152, 0.495, 2437927.47
2020-11-05T20:35:41Z, 4925154, 0.492, 2423175.768, 0.495, 2437951.23
2020-11-05T21:00:48Z, 4925157, 0.492, 2423177.244, 0.495, 2437952.715
2020-11-05T21:10:41Z, 4925165, 0.492, 2423181.18, 0.495, 2437956.675
2020-11-05T21:30:40Z, 4925171, 0.492, 2423184.132, 0.495, 2437959.645
2020-11-05T21:47:40Z, 4925176, 0.492, 2423186.592, 0.495, 2437962.12
2020-11-05T21:58:42Z, 4931481, 0.493, 2431220.133, 0.495, 2441083.095
2020-11-05T22:20:44Z, 4931722, 0.493, 2431338.946, 0.495, 2441202.39
2020-11-05T22:39:39Z, 4931741, 0.493, 2431348.313, 0.495, 2441211.795
2020-11-05T23:05:46Z, 4932083, 0.493, 2431516.919, 0.495, 2441381.085
2020-11-05T23:58:42Z, 4949439, 0.493, 2440073.427, 0.494, 2445022.866
2020-11-06T00:21:41Z, 4952270, 0.493, 2441469.11, 0.494, 2446421.38
2020-11-06T01:59:42Z, 4953607, 0.493, 2442128.251, 0.494, 2447081.858
2020-11-06T02:32:41Z, 4954638, 0.494, 2447591.172, 0.494, 2447591.172
2020-11-06T03:04:41Z, 4954975, 0.494, 2447757.65, 0.494, 2447757.65
2020-11-06T03:27:44Z, 4955009, 0.494, 2447774.446, 0.494, 2447774.446
2020-11-06T04:08:40Z, 4956384, 0.494, 2448453.696, 0.494, 2448453.696
2020-11-06T05:40:34Z, 4956528, 0.494, 2448524.832, 0.494, 2448524.832
2020-11-06T06:40:24Z, 4957069, 0.494, 2448792.086, 0.494, 2448792.086
2020-11-06T07:41:07Z, 4957885, 0.494, 2449195.19, 0.494, 2449195.19
2020-11-06T08:39:10Z, 4958191, 0.494, 2449346.354, 0.494, 2449346.354
2020-11-06T09:47:30Z, 4960034, 0.494, 2450256.796, 0.494, 2450256.796
2020-11-06T11:01:02Z, 4960275, 0.494, 2450375.85, 0.494, 2450375.85
2020-11-06T13:06:43Z, 4960276, 0.494, 2450376.344, 0.494, 2450376.344
2020-11-06T14:18:40Z, 4960289, 0.494, 2450382.766, 0.494, 2450382.766
2020-11-06T14:55:40Z, 4960292, 0.494, 2450384.248, 0.494, 2450384.248
2020-11-06T15:34:40Z, 4960872, 0.494, 2450670.768, 0.494, 2450670.768
2020-11-06T15:57:40Z, 4960919, 0.494, 2450693.986, 0.494, 2450693.986
2020-11-06T16:23:48Z, 4960932, 0.494, 2450700.408, 0.494, 2450700.408
2020-11-06T16:28:43Z, 4960934, 0.494, 2450701.396, 0.494, 2450701.396
2020-11-06T16:39:40Z, 4960936, 0.494, 2450702.384, 0.494, 2450702.384
2020-11-06T16:46:40Z, 4960941, 0.494, 2450704.854, 0.494, 2450704.854
2020-11-06T17:14:41Z, 4960954, 0.494, 2450711.276, 0.494, 2450711.276
2020-11-06T17:20:39Z, 4960955, 0.494, 2450711.77, 0.494, 2450711.77
2020-11-06T17:24:39Z, 4961011, 0.494, 2450739.434, 0.494, 2450739.434
2020-11-06T17:25:41Z, 4961015, 0.494, 2450741.41, 0.494, 2450741.41
2020-11-06T17:31:40Z, 4961017, 0.494, 2450742.398, 0.494, 2450742.398
2020-11-06T17:38:40Z, 4961026, 0.494, 2450746.844, 0.494, 2450746.844
2020-11-06T18:01:47Z, 4961027, 0.494, 2450747.338, 0.494, 2450747.338
2020-11-06T18:18:40Z, 4961040, 0.494, 2450753.76, 0.494, 2450753.76
2020-11-06T18:36:40Z, 4961041, 0.494, 2450754.254, 0.494, 2450754.254
2020-11-06T18:50:39Z, 4961042, 0.494, 2450754.748, 0.494, 2450754.748
2020-11-06T19:01:45Z, 4961051, 0.494, 2450759.194, 0.494, 2450759.194
2020-11-06T19:09:41Z, 4961062, 0.494, 2450764.628, 0.494, 2450764.628
2020-11-06T19:17:40Z, 4961063, 0.494, 2450765.122, 0.494, 2450765.122
2020-11-06T19:40:41Z, 4961365, 0.494, 2450914.31, 0.494, 2450914.31
2020-11-06T19:46:40Z, 4961366, 0.494, 2450914.804, 0.494, 2450914.804
2020-11-06T19:56:41Z, 4961367, 0.494, 2450915.298, 0.494, 2450915.298
2020-11-06T20:06:40Z, 4961374, 0.494, 2450918.756, 0.494, 2450918.756
2020-11-06T20:20:40Z, 4961378, 0.494, 2450920.732, 0.494, 2450920.732
2020-11-06T20:22:41Z, 4961393, 0.494, 2450928.142, 0.494, 2450928.142
2020-11-06T20:23:39Z, 4961400, 0.494, 2450931.6, 0.494, 2450931.6
2020-11-06T20:30:44Z, 4961401, 0.494, 2450932.094, 0.494, 2450932.094
2020-11-06T20:32:39Z, 4961405, 0.494, 2450934.07, 0.494, 2450934.07
2020-11-06T20:36:40Z, 4961407, 0.494, 2450935.058, 0.494, 2450935.058
2020-11-06T20:37:40Z, 4961408, 0.494, 2450935.552, 0.494, 2450935.552
2020-11-06T20:39:41Z, 4961600, 0.494, 2451030.4, 0.494, 2451030.4
2020-11-06T20:59:38Z, 4961711, 0.494, 2451085.234, 0.494, 2451085.234
2020-11-06T21:05:40Z, 4961723, 0.494, 2451091.162, 0.494, 2451091.162
2020-11-06T21:12:39Z, 4961734, 0.494, 2451096.596, 0.494, 2451096.596
2020-11-06T21:16:42Z, 4961741, 0.494, 2451100.054, 0.494, 2451100.054
2020-11-06T21:19:42Z, 4961771, 0.494, 2451114.874, 0.494, 2451114.874
2020-11-06T21:34:40Z, 4961782, 0.494, 2451120.308, 0.494, 2451120.308
2020-11-06T21:35:41Z, 4961789, 0.494, 2451123.766, 0.494, 2451123.766
2020-11-06T21:49:41Z, 4961790, 0.494, 2451124.26, 0.494, 2451124.26
2020-11-06T21:50:41Z, 4961829, 0.494, 2451143.526, 0.494, 2451143.526
2020-11-06T21:51:40Z, 4961849, 0.494, 2451153.406, 0.494, 2451153.406
2020-11-06T21:53:41Z, 4961850, 0.494, 2451153.9, 0.494, 2451153.9
2020-11-06T21:55:39Z, 4961851, 0.494, 2451154.394, 0.494, 2451154.394
2020-11-06T21:59:41Z, 4961877, 0.494, 2451167.238, 0.494, 2451167.238
2020-11-06T22:00:40Z, 4968953, 0.494, 2454662.782, 0.493, 2449693.829
2020-11-06T22:01:41Z, 4969001, 0.494, 2454686.494, 0.493, 2449717.493
2020-11-06T22:06:42Z, 4969002, 0.494, 2454686.988, 0.493, 2449717.986
2020-11-06T22:08:41Z, 4969020, 0.494, 2454695.88, 0.493, 2449726.86
2020-11-06T22:10:42Z, 4969070, 0.494, 2454720.58, 0.493, 2449751.51
2020-11-06T22:11:40Z, 4969088, 0.494, 2454729.472, 0.493, 2449760.384
2020-11-06T22:12:40Z, 4969095, 0.494, 2454732.93, 0.493, 2449763.835
2020-11-06T22:15:43Z, 4969132, 0.494, 2454751.208, 0.493, 2449782.076
2020-11-06T22:17:41Z, 4969137, 0.494, 2454753.678, 0.493, 2449784.541
2020-11-06T22:18:41Z, 4969173, 0.494, 2454771.462, 0.493, 2449802.289
2020-11-06T22:19:40Z, 4969190, 0.494, 2454779.86, 0.493, 2449810.67
2020-11-06T22:20:45Z, 4969551, 0.494, 2454958.194, 0.493, 2449988.643
2020-11-06T22:24:42Z, 4969617, 0.494, 2454990.798, 0.493, 2450021.181
2020-11-06T22:25:40Z, 4969649, 0.494, 2455006.606, 0.493, 2450036.957
2020-11-06T22:28:41Z, 4969652, 0.494, 2455008.088, 0.493, 2450038.436
2020-11-06T22:30:41Z, 4969678, 0.494, 2455020.932, 0.493, 2450051.254
2020-11-06T22:32:40Z, 4969683, 0.494, 2455023.402, 0.493, 2450053.719
2020-11-06T22:35:39Z, 4969757, 0.494, 2455059.958, 0.493, 2450090.201
2020-11-06T22:37:40Z, 4969771, 0.494, 2455066.874, 0.493, 2450097.103
2020-11-06T22:47:41Z, 4969781, 0.494, 2455071.814, 0.493, 2450102.033
2020-11-06T22:48:40Z, 4969789, 0.494, 2455075.766, 0.493, 2450105.977
2020-11-06T22:49:40Z, 4969797, 0.494, 2455079.718, 0.493, 2450109.921
2020-11-06T22:51:40Z, 4969819, 0.494, 2455090.586, 0.493, 2450120.767
2020-11-06T23:06:39Z, 4969822, 0.494, 2455092.068, 0.493, 2450122.246
2020-11-06T23:10:39Z, 4969836, 0.494, 2455098.984, 0.493, 2450129.148
2020-11-06T23:14:40Z, 4969860, 0.494, 2455110.84, 0.493, 2450140.98
2020-11-06T23:17:43Z, 4969869, 0.494, 2455115.286, 0.493, 2450145.417
2020-11-06T23:36:39Z, 4969873, 0.494, 2455117.262, 0.493, 2450147.389
2020-11-06T23:41:44Z, 4969880, 0.494, 2455120.72, 0.493, 2450150.84
2020-11-06T23:45:40Z, 4970093, 0.494, 2455225.942, 0.493, 2450255.849
2020-11-06T23:57:39Z, 4970146, 0.494, 2455252.124, 0.493, 2450281.978
2020-11-07T00:02:40Z, 4970158, 0.494, 2455258.052, 0.493, 2450287.894
2020-11-07T00:14:40Z, 4971278, 0.494, 2455811.332, 0.493, 2450840.054
2020-11-07T00:20:50Z, 4971368, 0.494, 2455855.792, 0.493, 2450884.424
2020-11-07T00:33:40Z, 4971488, 0.494, 2455915.072, 0.493, 2450943.584
2020-11-07T01:00:26Z, 4971489, 0.494, 2455915.566, 0.493, 2450944.077
2020-11-07T01:02:24Z, 4971490, 0.494, 2455916.06, 0.493, 2450944.57
2020-11-07T01:03:42Z, 4971523, 0.494, 2455932.362, 0.493, 2450960.839
2020-11-07T01:04:49Z, 4971534, 0.494, 2455937.796, 0.493, 2450966.262
2020-11-07T01:05:48Z, 4971776, 0.494, 2456057.344, 0.493, 2451085.568
2020-11-07T01:06:44Z, 4971779, 0.494, 2456058.826, 0.493, 2451087.047
2020-11-07T01:09:46Z, 4971782, 0.494, 2456060.308, 0.493, 2451088.526
2020-11-07T01:11:06Z, 4971795, 0.494, 2456066.73, 0.493, 2451094.935
2020-11-07T01:19:32Z, 4971812, 0.494, 2456075.128, 0.493, 2451103.316
2020-11-07T01:20:45Z, 4971844, 0.494, 2456090.936, 0.493, 2451119.092
2020-11-07T01:21:30Z, 4971850, 0.494, 2456093.9, 0.493, 2451122.05
2020-11-07T01:22:16Z, 4971863, 0.494, 2456100.322, 0.493, 2451128.459
2020-11-07T01:22:38Z, 4971870, 0.494, 2456103.78, 0.493, 2451131.91
2020-11-07T01:27:39Z, 4972023, 0.494, 2456179.362, 0.493, 2451207.339
2020-11-07T01:29:40Z, 4972081, 0.494, 2456208.014, 0.493, 2451235.933
2020-11-07T02:17:40Z, 4972546, 0.494, 2456437.724, 0.493, 2451465.178
2020-11-07T02:20:44Z, 4972734, 0.494, 2456530.596, 0.493, 2451557.862
2020-11-07T02:51:40Z, 4972897, 0.494, 2456611.118, 0.493, 2451638.221
2020-11-07T05:37:40Z, 4972971, 0.494, 2456647.674, 0.493, 2451674.703
2020-11-07T07:44:54Z, 4978081, 0.494, 2459172.014, 0.493, 2454193.933
2020-11-07T18:04:54Z, 4978173, 0.494, 2459217.462, 0.493, 2454239.289
2020-11-07T18:13:46Z, 4978241, 0.494, 2459251.054, 0.493, 2454272.813
2020-11-07T19:20:58Z, 4978967, 0.494, 2459609.698, 0.493, 2454630.731
2020-11-07T19:43:45Z, 4979092, 0.494, 2459671.448, 0.493, 2454692.356
2020-11-07T23:52:45Z, 4981074, 0.495, 2465631.63, 0.493, 2455669.482
2020-11-08T07:20:58Z, 4983320, 0.495, 2466743.4, 0.493, 2456776.76
2020-11-08T13:07:51Z, 4983321, 0.495, 2466743.895, 0.493, 2456777.253
2020-11-08T19:37:41Z, 4983730, 0.495, 2466946.35, 0.493, 2456978.89
2020-11-09T13:37:40Z, 4983735, 0.495, 2466948.825, 0.493, 2456981.355
2020-11-09T14:02:40Z, 4983903, 0.495, 2467031.985, 0.493, 2457064.179
2020-11-09T14:35:42Z, 4983911, 0.495, 2467035.945, 0.493, 2457068.123
2020-11-09T15:54:40Z, 4983918, 0.495, 2467039.41, 0.493, 2457071.574
2020-11-09T15:55:41Z, 4984617, 0.495, 2467385.415, 0.493, 2457416.181
2020-11-09T16:00:44Z, 4984623, 0.495, 2467388.385, 0.493, 2457419.139
2020-11-09T16:02:41Z, 4984698, 0.495, 2467425.51, 0.493, 2457456.114
2020-11-09T16:26:41Z, 4984751, 0.495, 2467451.745, 0.493, 2457482.243
2020-11-09T16:50:45Z, 4984754, 0.495, 2467453.23, 0.493, 2457483.722
2020-11-09T17:00:46Z, 4984826, 0.495, 2467488.87, 0.493, 2457519.218
2020-11-09T17:05:40Z, 4984829, 0.495, 2467490.355, 0.493, 2457520.697
2020-11-09T17:15:40Z, 4984835, 0.495, 2467493.325, 0.493, 2457523.655
2020-11-09T17:26:41Z, 4984841, 0.495, 2467496.295, 0.493, 2457526.613
2020-11-09T17:29:41Z, 4984853, 0.495, 2467502.235, 0.493, 2457532.529
2020-11-09T17:40:43Z, 4984895, 0.495, 2467523.025, 0.493, 2457553.235
2020-11-09T18:09:41Z, 4984956, 0.495, 2467553.22, 0.493, 2457583.308
2020-11-09T18:45:44Z, 4984981, 0.495, 2467565.595, 0.493, 2457595.633
2020-11-09T19:01:43Z, 4985005, 0.495, 2467577.475, 0.493, 2457607.465
2020-11-09T19:24:43Z, 4985010, 0.495, 2467579.95, 0.493, 2457609.93
2020-11-09T19:35:41Z, 4985035, 0.495, 2467592.325, 0.493, 2457622.255
2020-11-09T20:13:41Z, 4985036, 0.495, 2467592.82, 0.493, 2457622.748
2020-11-09T20:24:41Z, 4985039, 0.495, 2467594.305, 0.493, 2457624.227
2020-11-09T20:43:41Z, 4986306, 0.495, 2468221.47, 0.493, 2458248.858
2020-11-09T20:56:42Z, 4986538, 0.495, 2468336.31, 0.493, 2458363.234
2020-11-09T21:29:40Z, 4986550, 0.495, 2468342.25, 0.493, 2458369.15
2020-11-09T22:10:42Z, 4986618, 0.495, 2468375.91, 0.493, 2458402.674
2020-11-09T22:16:39Z, 4986619, 0.495, 2468376.405, 0.493, 2458403.167
2020-11-09T22:18:41Z, 4986621, 0.495, 2468377.395, 0.493, 2458404.153
2020-11-09T22:19:40Z, 4986630, 0.495, 2468381.85, 0.493, 2458408.59
2020-11-09T22:28:41Z, 4986634, 0.495, 2468383.83, 0.493, 2458410.562
2020-11-09T22:30:41Z, 4986996, 0.495, 2468563.02, 0.493, 2458589.028
2020-11-09T22:45:42Z, 4986997, 0.495, 2468563.515, 0.493, 2458589.521
2020-11-09T23:35:40Z, 4987008, 0.495, 2468568.96, 0.493, 2458594.944
2020-11-10T01:50:43Z, 4988332, 0.495, 2469224.34, 0.493, 2459247.676
2020-11-10T02:50:19Z, 4988335, 0.495, 2469225.825, 0.493, 2459249.155
2020-11-10T13:26:04Z, 4988635, 0.495, 2469374.325, 0.492, 2454408.42
2020-11-10T14:25:48Z, 4988641, 0.495, 2469377.295, 0.492, 2454411.372
2020-11-10T14:52:49Z, 4988871, 0.495, 2469491.145, 0.493, 2459513.403
2020-11-10T15:48:57Z, 4988880, 0.495, 2469495.6, 0.493, 2459517.84
2020-11-10T17:00:54Z, 4988881, 0.495, 2469496.095, 0.493, 2459518.333
