Timestamp, TotalVotes, BidenVoterShare, BidenVotes, TrumpVoterShare, TrumpVotes
2020-11-04T10:00:04Z, 0, 0, 0, 0, 0
2020-11-04T01:09:14Z, 36561, 0.724, 26470.164, 0.263, 9615.543
2020-11-04T01:13:29Z, 38469, 0.707, 27197.583, 0.281, 10809.789
2020-11-04T01:13:52Z, 54591, 0.589, 32154.099, 0.397, 21672.627
2020-11-04T01:20:24Z, 65840, 0.549, 36146.16, 0.435, 28640.4
2020-11-04T01:20:50Z, 134852, 0.431, 58121.212, 0.552, 74438.304
2020-11-04T01:22:30Z, 136064, 0.429, 58371.456, 0.554, 75379.456
2020-11-04T01:25:54Z, 189834, 0.398, 75553.932, 0.584, 110863.056
2020-11-04T01:26:24Z, 198052, 0.399, 79022.748, 0.583, 115464.316
2020-11-04T01:28:36Z, 216387, 0.413, 89367.831, 0.568, 122907.816
2020-11-04T01:28:51Z, 232274, 0.407, 94535.518, 0.575, 133557.55
2020-11-04T01:32:32Z, 232460, 0.406, 94378.76, 0.575, 133664.5
2020-11-04T01:32:51Z, 254286, 0.402, 102222.972, 0.579, 147231.594
2020-11-04T01:37:59Z, 257353, 0.401, 103198.553, 0.58, 149264.74
2020-11-04T01:39:31Z, 284659, 0.406, 115571.554, 0.576, 163963.584
2020-11-04T01:39:54Z, 285117, 0.405, 115472.385, 0.576, 164227.392
2020-11-04T01:40:08Z, 285164, 0.405, 115491.42, 0.576, 164254.464
2020-11-04T01:41:08Z, 285529, 0.405, 115639.245, 0.576, 164464.704
2020-11-04T01:43:02Z, 289631, 0.404, 117010.924, 0.577, 167117.087
2020-11-04T01:43:16Z, 392781, 0.402, 157897.962, 0.577, 226634.637
2020-11-04T01:43:27Z, 404321, 0.399, 161324.079, 0.579, 234101.859
2020-11-04T01:43:55Z, 433755, 0.4, 173502, 0.579, 251144.145
2020-11-04T01:46:03Z, 435199, 0.4, 174079.6, 0.579, 251980.221
2020-11-04T01:46:50Z, 439375, 0.4, 175750, 0.579, 254398.125
2020-11-04T01:48:02Z, 477151, 0.388, 185134.588, 0.591, 281996.241
2020-11-04T01:50:30Z, 498880, 0.382, 190572.16, 0.597, 297831.36
2020-11-04T01:51:17Z, 550389, 0.397, 218504.433, 0.582, 320326.398
2020-11-04T01:51:26Z, 573857, 0.401, 230116.657, 0.578, 331689.346
2020-11-04T01:51:52Z, 574417, 0.406, 233213.302, 0.568, 326268.856
2020-11-04T01:53:23Z, 641548, 0.404, 259185.392, 0.571, 366323.908
2020-11-04T01:55:13Z, 663038, 0.404, 267867.352, 0.57, 377931.66
2020-11-04T01:56:48Z, 663321, 0.404, 267981.684, 0.57, 378092.97
2020-11-04T01:57:38Z, 671666, 0.405, 272024.73, 0.569, 382177.954
2020-11-04T01:58:41Z, 702274, 0.404, 283718.696, 0.57, 400296.18
2020-11-04T01:59:28Z, 702415, 0.404, 283775.66, 0.57, 400376.55
2020-11-04T02:01:11Z, 876300, 0.384, 336499.2, 0.593, 519645.9
2020-11-04T02:02:49Z, 888904, 0.382, 339561.328, 0.594, 528008.976
2020-11-04T02:04:55Z, 901077, 0.383, 345112.491, 0.594, 535239.738
2020-11-04T02:05:31Z, 906056, 0.383, 347019.448, 0.594, 538197.264
2020-11-04T02:07:30Z, 909244, 0.383, 348240.452, 0.594, 540090.936
2020-11-04T02:07:41Z, 909862, 0.383, 348477.146, 0.593, 539548.166
2020-11-04T02:08:04Z, 931766, 0.384, 357798.144, 0.593, 552537.238
2020-11-04T02:08:47Z, 934486, 0.384, 358842.624, 0.593, 554150.198
2020-11-04T02:10:05Z, 936292, 0.384, 359536.128, 0.593, 555221.156
2020-11-04T02:10:51Z, 954476, 0.384, 366518.784, 0.593, 566004.268
2020-11-04T02:11:05Z, 957726, 0.384, 367766.784, 0.593, 567931.518
2020-11-04T02:11:23Z, 958809, 0.384, 368182.656, 0.593, 568573.737
2020-11-04T02:13:39Z, 959682, 0.383, 367558.206, 0.593, 569091.426
2020-11-04T02:14:19Z, 959712, 0.383, 367569.696, 0.593, 569109.216
2020-11-04T02:15:54Z, 968520, 0.384, 371911.68, 0.593, 574332.36
2020-11-04T02:16:23Z, 970119, 0.384, 372525.696, 0.593, 575280.567
2020-11-04T02:19:12Z, 980979, 0.383, 375714.957, 0.594, 582701.526
2020-11-04T02:20:21Z, 985138, 0.383, 377307.854, 0.594, 585171.972
2020-11-04T02:22:03Z, 1002101, 0.383, 383804.683, 0.594, 595247.994
2020-11-04T02:22:31Z, 1002799, 0.383, 384072.017, 0.594, 595662.606
2020-11-04T02:23:05Z, 1015997, 0.387, 393190.839, 0.59, 599438.23
2020-11-04T02:24:22Z, 1020643, 0.386, 393968.198, 0.591, 603200.013
2020-11-04T02:24:33Z, 1023359, 0.386, 395016.574, 0.591, 604805.169
2020-11-04T02:25:07Z, 1032323, 0.385, 397444.355, 0.592, 611135.216
2020-11-04T02:25:16Z, 1033098, 0.385, 397742.73, 0.592, 611594.016
2020-11-04T02:25:49Z, 1033099, 0.385, 397743.115, 0.592, 611594.608
2020-11-04T02:28:25Z, 1033280, 0.385, 397812.8, 0.592, 611701.76
2020-11-04T02:29:23Z, 1033523, 0.385, 397906.355, 0.592, 611845.616
2020-11-04T02:30:54Z, 1046403, 0.387, 404957.961, 0.59, 617377.77
2020-11-04T02:31:58Z, 1058214, 0.39, 412703.46, 0.587, 621171.618
2020-11-04T02:32:16Z, 1060349, 0.39, 413536.11, 0.587, 622424.863
2020-11-04T02:34:27Z, 1061077, 0.39, 413820.03, 0.587, 622852.199
2020-11-04T02:35:39Z, 1095835, 0.391, 428471.485, 0.586, 642159.31
2020-11-04T02:37:14Z, 1098388, 0.391, 429469.708, 0.587, 644753.756
2020-11-04T02:37:34Z, 1099049, 0.391, 429728.159, 0.587, 645141.763
2020-11-04T02:38:51Z, 1100522, 0.39, 429203.58, 0.587, 646006.414
2020-11-04T02:39:39Z, 1109685, 0.39, 432777.15, 0.588, 652494.78
2020-11-04T02:39:43Z, 1110223, 0.39, 432986.97, 0.588, 652811.124
2020-11-04T02:40:48Z, 1110414, 0.39, 433061.46, 0.588, 652923.432
2020-11-04T02:42:29Z, 1114156, 0.39, 434520.84, 0.587, 654009.572
2020-11-04T02:43:47Z, 1118593, 0.39, 436251.27, 0.587, 656614.091
2020-11-04T02:46:01Z, 1119593, 0.39, 436641.27, 0.587, 657201.091
2020-11-04T02:47:30Z, 1123572, 0.39, 438193.08, 0.587, 659536.764
2020-11-04T02:47:37Z, 1126627, 0.39, 439384.53, 0.588, 662456.676
2020-11-04T02:49:58Z, 1127132, 0.39, 439581.48, 0.588, 662753.616
2020-11-04T02:50:24Z, 1132011, 0.389, 440352.279, 0.588, 665622.468
2020-11-04T02:51:39Z, 1134704, 0.389, 441399.856, 0.588, 667205.952
2020-11-04T02:51:51Z, 1136926, 0.389, 442264.214, 0.588, 668512.488
2020-11-04T02:53:09Z, 1255863, 0.404, 507368.652, 0.577, 724632.951
2020-11-04T02:53:30Z, 1262790, 0.404, 510167.16, 0.577, 728629.83
2020-11-04T02:53:48Z, 1270326, 0.404, 513211.704, 0.577, 732978.102
2020-11-04T02:54:31Z, 1281581, 0.403, 516477.143, 0.578, 740753.818
2020-11-04T02:54:49Z, 1283379, 0.403, 517201.737, 0.578, 741793.062
2020-11-04T02:55:48Z, 1283875, 0.403, 517401.625, 0.578, 742079.75
2020-11-04T02:57:01Z, 1288944, 0.402, 518155.488, 0.578, 745009.632
2020-11-04T02:57:18Z, 1293253, 0.402, 519887.706, 0.578, 747500.234
2020-11-04T02:58:08Z, 1295198, 0.402, 520669.596, 0.578, 748624.444
2020-11-04T03:00:24Z, 1298117, 0.402, 521843.034, 0.578, 750311.626
2020-11-04T03:01:32Z, 1315455, 0.401, 527497.455, 0.58, 762963.9
2020-11-04T03:03:52Z, 1328021, 0.401, 532536.421, 0.579, 768924.159
2020-11-04T03:04:06Z, 1565405, 0.426, 666862.53, 0.555, 868799.775
2020-11-04T03:05:34Z, 1571959, 0.427, 671226.493, 0.554, 870865.286
2020-11-04T03:08:17Z, 1572163, 0.427, 671313.601, 0.554, 870978.302
2020-11-04T03:09:26Z, 1575867, 0.426, 671319.342, 0.555, 874606.185
2020-11-04T03:10:29Z, 1577983, 0.426, 672220.758, 0.555, 875780.565
2020-11-04T03:11:08Z, 1583336, 0.426, 674501.136, 0.555, 878751.48
2020-11-04T03:11:37Z, 1585415, 0.426, 675386.79, 0.555, 879905.325
2020-11-04T03:13:52Z, 1618052, 0.433, 700616.516, 0.548, 886692.496
2020-11-04T03:14:34Z, 1627212, 0.433, 704582.796, 0.549, 893339.388
2020-11-04T03:16:05Z, 1627520, 0.432, 703088.64, 0.549, 893508.48
2020-11-04T03:16:42Z, 1710559, 0.433, 740672.047, 0.548, 937386.332
2020-11-04T03:18:00Z, 1711403, 0.433, 741037.499, 0.548, 937848.844
2020-11-04T03:18:31Z, 1722798, 0.433, 745971.534, 0.549, 945816.102
2020-11-04T03:20:47Z, 1724175, 0.432, 744843.6, 0.549, 946572.075
2020-11-04T03:21:01Z, 1742721, 0.432, 752855.472, 0.549, 956753.829
2020-11-04T03:21:31Z, 1742749, 0.432, 752867.568, 0.549, 956769.201
2020-11-04T03:22:28Z, 1783844, 0.431, 768836.764, 0.55, 981114.2
2020-11-04T03:22:50Z, 1794800, 0.431, 773558.8, 0.551, 988934.8
2020-11-04T03:23:56Z, 1805438, 0.432, 779949.216, 0.549, 991185.462
2020-11-04T03:24:24Z, 1806013, 0.432, 780197.616, 0.549, 991501.137
2020-11-04T03:25:14Z, 1843163, 0.434, 799932.742, 0.547, 1008210.161
2020-11-04T03:25:49Z, 1846044, 0.434, 801183.096, 0.548, 1011632.112
2020-11-04T03:26:28Z, 1852925, 0.434, 804169.45, 0.547, 1013549.975
2020-11-04T03:26:43Z, 1855440, 0.434, 805260.96, 0.547, 1014925.68
2020-11-04T03:28:00Z, 1862030, 0.434, 808121.02, 0.548, 1020392.44
2020-11-04T03:29:51Z, 1876528, 0.435, 816289.68, 0.546, 1024584.288
2020-11-04T03:30:46Z, 1877030, 0.435, 816508.05, 0.546, 1024858.38
2020-11-04T03:31:40Z, 1888003, 0.434, 819393.302, 0.547, 1032737.641
2020-11-04T03:32:10Z, 1945190, 0.437, 850048.03, 0.545, 1060128.55
2020-11-04T03:33:30Z, 1950083, 0.437, 852186.271, 0.545, 1062795.235
2020-11-04T03:35:53Z, 1966128, 0.436, 857231.808, 0.546, 1073505.888
2020-11-04T03:36:44Z, 1968971, 0.436, 858471.356, 0.546, 1075058.166
2020-11-04T03:36:58Z, 2017782, 0.433, 873699.606, 0.549, 1107762.318
2020-11-04T03:37:16Z, 2018739, 0.433, 874113.987, 0.549, 1108287.711
2020-11-04T03:37:34Z, 2023708, 0.433, 876265.564, 0.549, 1111015.692
2020-11-04T03:38:30Z, 2074784, 0.435, 902531.04, 0.547, 1134906.848
2020-11-04T03:39:44Z, 2075111, 0.435, 902673.285, 0.547, 1135085.717
2020-11-04T03:40:09Z, 2075572, 0.435, 902873.82, 0.547, 1135337.884
2020-11-04T03:40:33Z, 2080095, 0.434, 902761.23, 0.548, 1139892.06
2020-11-04T03:41:53Z, 2092325, 0.434, 908069.05, 0.548, 1146594.1
2020-11-04T03:43:01Z, 2093322, 0.434, 908501.748, 0.548, 1147140.456
2020-11-04T03:44:17Z, 2095746, 0.433, 907458.018, 0.549, 1150564.554
2020-11-04T03:45:26Z, 2116843, 0.434, 918709.862, 0.548, 1160029.964
2020-11-04T03:45:58Z, 2127584, 0.435, 925499.04, 0.547, 1163788.448
2020-11-04T03:46:27Z, 2130516, 0.435, 926774.46, 0.547, 1165392.252
2020-11-04T03:47:01Z, 2131214, 0.435, 927078.09, 0.547, 1165774.058
2020-11-04T03:47:55Z, 2133558, 0.435, 928097.73, 0.547, 1167056.226
2020-11-04T03:49:25Z, 2134055, 0.434, 926179.87, 0.547, 1167328.085
2020-11-04T03:50:55Z, 2139776, 0.434, 928662.784, 0.548, 1172597.248
2020-11-04T03:51:08Z, 2141938, 0.434, 929601.092, 0.548, 1173782.024
2020-11-04T03:51:48Z, 2143706, 0.434, 930368.404, 0.548, 1174750.888
2020-11-04T03:52:20Z, 2151723, 0.434, 933847.782, 0.547, 1176992.481
2020-11-04T03:52:46Z, 2157040, 0.434, 936155.36, 0.548, 1182057.92
2020-11-04T03:54:09Z, 2193165, 0.437, 958413.105, 0.545, 1195274.925
2020-11-04T03:54:55Z, 2201439, 0.437, 962028.843, 0.545, 1199784.255
2020-11-04T03:55:07Z, 2202686, 0.437, 962573.782, 0.545, 1200463.87
2020-11-04T03:56:29Z, 2203178, 0.437, 962788.786, 0.545, 1200732.01
2020-11-04T03:58:07Z, 2203693, 0.437, 963013.841, 0.545, 1201012.685
2020-11-04T03:59:54Z, 2209087, 0.437, 965371.019, 0.545, 1203952.415
2020-11-04T04:01:28Z, 2209804, 0.437, 965684.348, 0.545, 1204343.18
2020-11-04T04:02:08Z, 2220106, 0.436, 967966.216, 0.546, 1212177.876
2020-11-04T04:02:12Z, 2227998, 0.437, 973635.126, 0.545, 1214258.91
2020-11-04T04:02:34Z, 2270496, 0.436, 989936.256, 0.546, 1239690.816
2020-11-04T04:02:51Z, 2275398, 0.436, 992073.528, 0.546, 1242367.308
2020-11-04T04:03:18Z, 2281314, 0.436, 994652.904, 0.546, 1245597.444
2020-11-04T04:03:25Z, 2282541, 0.436, 995187.876, 0.546, 1246267.386
2020-11-04T04:03:46Z, 2291603, 0.435, 996847.305, 0.546, 1251215.238
2020-11-04T04:05:32Z, 2292906, 0.435, 997414.11, 0.546, 1251926.676
2020-11-04T04:05:58Z, 2293947, 0.435, 997866.945, 0.546, 1252495.062
2020-11-04T04:06:27Z, 2295343, 0.435, 998474.205, 0.546, 1253257.278
2020-11-04T04:06:51Z, 2327829, 0.436, 1014933.444, 0.546, 1270994.634
2020-11-04T04:07:07Z, 2330031, 0.435, 1013563.485, 0.546, 1272196.926
2020-11-04T04:07:41Z, 2330231, 0.435, 1013650.485, 0.546, 1272306.126
2020-11-04T04:08:19Z, 2331090, 0.435, 1014024.15, 0.546, 1272775.14
2020-11-04T04:10:35Z, 2335564, 0.435, 1015970.34, 0.547, 1277553.508
2020-11-04T04:11:26Z, 2347156, 0.435, 1021012.86, 0.547, 1283894.332
2020-11-04T04:11:37Z, 2357750, 0.434, 1023263.5, 0.548, 1292047
2020-11-04T04:12:11Z, 2358720, 0.434, 1023684.48, 0.548, 1292578.56
2020-11-04T04:12:52Z, 2404995, 0.434, 1043767.83, 0.548, 1317937.26
2020-11-04T04:13:37Z, 2416902, 0.435, 1051352.37, 0.547, 1322045.394
2020-11-04T04:14:53Z, 2418735, 0.435, 1052149.725, 0.547, 1323048.045
2020-11-04T04:15:57Z, 2420849, 0.435, 1053069.315, 0.547, 1324204.403
2020-11-04T04:16:46Z, 2421440, 0.435, 1053326.4, 0.547, 1324527.68
2020-11-04T04:17:39Z, 2445835, 0.435, 1063938.225, 0.547, 1337871.745
2020-11-04T04:17:56Z, 2457951, 0.436, 1071666.636, 0.546, 1342041.246
2020-11-04T04:19:19Z, 2462074, 0.436, 1073464.264, 0.546, 1344292.404
2020-11-04T04:19:43Z, 2469219, 0.436, 1076579.484, 0.546, 1348193.574
2020-11-04T04:20:51Z, 2481214, 0.436, 1081809.304, 0.545, 1352261.63
2020-11-04T04:21:17Z, 2483160, 0.436, 1082657.76, 0.546, 1355805.36
2020-11-04T04:22:20Z, 2494704, 0.437, 1090185.648, 0.545, 1359613.68
2020-11-04T04:23:51Z, 2496176, 0.437, 1090828.912, 0.545, 1360415.92
2020-11-04T04:23:54Z, 2498845, 0.436, 1089496.42, 0.545, 1361870.525
2020-11-04T04:26:17Z, 2500232, 0.436, 1090101.152, 0.546, 1365126.672
2020-11-04T04:27:34Z, 2510225, 0.436, 1094458.1, 0.546, 1370582.85
2020-11-04T04:29:01Z, 2513194, 0.436, 1095752.584, 0.546, 1372203.924
2020-11-04T04:30:17Z, 2514725, 0.436, 1096420.1, 0.546, 1373039.85
2020-11-04T04:30:38Z, 2516230, 0.436, 1097076.28, 0.546, 1373861.58
2020-11-04T04:31:38Z, 2521454, 0.436, 1099353.944, 0.546, 1376713.884
2020-11-04T04:32:37Z, 2522328, 0.436, 1099735.008, 0.546, 1377191.088
2020-11-04T04:33:14Z, 2530558, 0.436, 1103323.288, 0.546, 1381684.668
2020-11-04T04:34:45Z, 2532326, 0.436, 1104094.136, 0.546, 1382649.996
2020-11-04T04:35:12Z, 2538168, 0.436, 1106641.248, 0.546, 1385839.728
2020-11-04T04:35:25Z, 2544563, 0.435, 1106884.905, 0.547, 1391875.961
2020-11-04T04:36:02Z, 2544819, 0.435, 1106996.265, 0.547, 1392015.993
2020-11-04T04:36:25Z, 2553616, 0.436, 1113376.576, 0.546, 1394274.336
2020-11-04T04:36:59Z, 2566159, 0.437, 1121411.483, 0.545, 1398556.655
2020-11-04T04:37:18Z, 2569715, 0.437, 1122965.455, 0.545, 1400494.675
2020-11-04T04:38:06Z, 2580027, 0.437, 1127471.799, 0.545, 1406114.715
2020-11-04T04:38:42Z, 2585560, 0.437, 1129889.72, 0.545, 1409130.2
2020-11-04T04:38:57Z, 2591695, 0.437, 1132570.715, 0.545, 1412473.775
2020-11-04T04:39:44Z, 2594458, 0.437, 1133778.146, 0.545, 1413979.61
2020-11-04T04:40:18Z, 2595825, 0.437, 1134375.525, 0.545, 1414724.625
2020-11-04T04:40:37Z, 2597610, 0.437, 1135155.57, 0.545, 1415697.45
2020-11-04T04:42:17Z, 2597614, 0.437, 1135157.318, 0.545, 1415699.63
2020-11-04T04:42:41Z, 2602716, 0.437, 1137386.892, 0.545, 1418480.22
2020-11-04T04:43:00Z, 2608227, 0.436, 1137186.972, 0.546, 1424091.942
2020-11-04T04:43:14Z, 2609737, 0.436, 1137845.332, 0.546, 1424916.402
2020-11-04T04:43:58Z, 2617275, 0.437, 1143749.175, 0.545, 1426414.875
2020-11-04T04:44:05Z, 2617967, 0.436, 1141433.612, 0.545, 1426792.015
2020-11-04T04:44:27Z, 2618885, 0.436, 1141833.86, 0.545, 1427292.325
2020-11-04T04:45:32Z, 2636460, 0.436, 1149496.56, 0.545, 1436870.7
2020-11-04T04:46:11Z, 2646716, 0.436, 1153968.176, 0.546, 1445106.936
2020-11-04T04:48:23Z, 2650135, 0.436, 1155458.86, 0.546, 1446973.71
2020-11-04T04:49:03Z, 2651380, 0.436, 1156001.68, 0.546, 1447653.48
2020-11-04T04:49:42Z, 2656792, 0.436, 1158361.312, 0.546, 1450608.432
2020-11-04T04:50:34Z, 2658605, 0.436, 1159151.78, 0.546, 1451598.33
2020-11-04T04:50:55Z, 2659532, 0.436, 1159555.952, 0.546, 1452104.472
2020-11-04T04:52:00Z, 2679228, 0.438, 1173501.864, 0.544, 1457500.032
2020-11-04T04:52:34Z, 2689357, 0.439, 1180627.723, 0.543, 1460320.851
2020-11-04T04:52:44Z, 2693947, 0.439, 1182642.733, 0.543, 1462813.221
2020-11-04T04:53:33Z, 2696164, 0.439, 1183615.996, 0.543, 1464017.052
2020-11-04T04:53:34Z, 2701165, 0.438, 1183110.27, 0.543, 1466732.595
2020-11-04T04:54:24Z, 2702364, 0.438, 1183635.432, 0.543, 1467383.652
2020-11-04T04:55:34Z, 2712642, 0.438, 1188137.196, 0.544, 1475677.248
2020-11-04T04:55:49Z, 2714241, 0.438, 1188837.558, 0.544, 1476547.104
2020-11-04T04:56:48Z, 2727984, 0.438, 1194856.992, 0.544, 1484023.296
2020-11-04T04:57:08Z, 2731448, 0.438, 1196374.224, 0.544, 1485907.712
2020-11-04T04:58:37Z, 2731461, 0.438, 1196379.918, 0.544, 1485914.784
2020-11-04T04:58:51Z, 2750569, 0.439, 1207499.791, 0.543, 1493558.967
2020-11-04T04:59:02Z, 2760695, 0.438, 1209184.41, 0.544, 1501818.08
2020-11-04T04:59:50Z, 2762851, 0.438, 1210128.738, 0.544, 1502990.944
2020-11-04T05:01:25Z, 2764644, 0.438, 1210914.072, 0.544, 1503966.336
2020-11-04T05:02:11Z, 2766881, 0.438, 1211893.878, 0.544, 1505183.264
2020-11-04T05:02:20Z, 2784661, 0.438, 1219681.518, 0.544, 1514855.584
2020-11-04T05:02:25Z, 2828666, 0.44, 1244613.04, 0.541, 1530308.306
2020-11-04T05:03:06Z, 2830283, 0.44, 1245324.52, 0.541, 1531183.103
2020-11-04T05:04:15Z, 2833321, 0.441, 1249494.561, 0.541, 1532826.661
2020-11-04T05:05:14Z, 2837423, 0.441, 1251303.543, 0.541, 1535045.843
2020-11-04T05:06:58Z, 2872225, 0.439, 1260906.775, 0.543, 1559618.175
2020-11-04T05:07:29Z, 2879707, 0.439, 1264191.373, 0.543, 1563680.901
2020-11-04T05:09:10Z, 2884430, 0.439, 1266264.77, 0.543, 1566245.49
2020-11-04T05:10:46Z, 2908393, 0.442, 1285509.706, 0.541, 1573440.613
2020-11-04T05:11:44Z, 2914678, 0.441, 1285372.998, 0.541, 1576840.798
2020-11-04T05:12:00Z, 2916083, 0.441, 1285992.603, 0.541, 1577600.903
2020-11-04T05:12:26Z, 2918790, 0.441, 1287186.39, 0.541, 1579065.39
2020-11-04T05:15:48Z, 2922874, 0.441, 1288987.434, 0.541, 1581274.834
2020-11-04T05:16:22Z, 2952974, 0.442, 1305214.508, 0.54, 1594605.96
2020-11-04T05:17:04Z, 2959093, 0.442, 1307919.106, 0.54, 1597910.22
2020-11-04T05:18:06Z, 2961905, 0.442, 1309162.01, 0.54, 1599428.7
2020-11-04T05:18:31Z, 2964847, 0.442, 1310462.374, 0.54, 1601017.38
2020-11-04T05:18:58Z, 2973481, 0.442, 1314278.602, 0.54, 1605679.74
2020-11-04T05:21:00Z, 2973861, 0.442, 1314446.562, 0.54, 1605884.94
2020-11-04T05:21:48Z, 2973869, 0.442, 1314450.098, 0.54, 1605889.26
2020-11-04T05:22:28Z, 2977716, 0.442, 1316150.472, 0.54, 1607966.64
2020-11-04T05:24:26Z, 2982315, 0.442, 1318183.23, 0.54, 1610450.1
2020-11-04T05:24:30Z, 2990610, 0.442, 1321849.62, 0.54, 1614929.4
2020-11-04T05:24:37Z, 2992778, 0.442, 1322807.876, 0.54, 1616100.12
2020-11-04T05:25:05Z, 2993598, 0.442, 1323170.316, 0.54, 1616542.92
2020-11-04T05:27:02Z, 3004705, 0.442, 1328079.61, 0.54, 1622540.7
2020-11-04T05:28:08Z, 3005993, 0.442, 1328648.906, 0.54, 1623236.22
2020-11-04T05:28:46Z, 3011175, 0.442, 1330939.35, 0.54, 1626034.5
2020-11-04T05:29:02Z, 3015652, 0.442, 1332918.184, 0.54, 1628452.08
2020-11-04T05:29:32Z, 3015698, 0.442, 1332938.516, 0.54, 1628476.92
2020-11-04T05:31:08Z, 3031975, 0.442, 1340132.95, 0.54, 1637266.5
2020-11-04T05:31:38Z, 3035857, 0.442, 1341848.794, 0.54, 1639362.78
2020-11-04T05:31:53Z, 3052178, 0.443, 1352114.854, 0.539, 1645123.942
2020-11-04T05:34:14Z, 3060282, 0.442, 1352644.644, 0.54, 1652552.28
2020-11-04T05:34:25Z, 3069468, 0.442, 1356704.856, 0.54, 1657512.72
2020-11-04T05:34:54Z, 3076117, 0.442, 1359643.714, 0.54, 1661103.18
2020-11-04T05:34:59Z, 3079380, 0.442, 1361085.96, 0.54, 1662865.2
2020-11-04T05:37:14Z, 3083835, 0.442, 1363055.07, 0.54, 1665270.9
2020-11-04T05:37:28Z, 3084907, 0.442, 1363528.894, 0.54, 1665849.78
2020-11-04T05:38:34Z, 3087539, 0.442, 1364692.238, 0.54, 1667271.06
2020-11-04T05:38:54Z, 3087587, 0.442, 1364713.454, 0.54, 1667296.98
2020-11-04T05:39:55Z, 3088044, 0.442, 1364915.448, 0.54, 1667543.76
2020-11-04T05:41:52Z, 3100918, 0.443, 1373706.674, 0.539, 1671394.802
2020-11-04T05:42:11Z, 3101012, 0.443, 1373748.316, 0.539, 1671445.468
2020-11-04T05:43:39Z, 3155129, 0.447, 1410342.663, 0.535, 1687994.015
2020-11-04T05:44:51Z, 3163769, 0.447, 1414204.743, 0.535, 1692616.415
2020-11-04T05:46:56Z, 3184301, 0.448, 1426566.848, 0.534, 1700416.734
2020-11-04T05:48:44Z, 3184315, 0.448, 1426573.12, 0.534, 1700424.21
2020-11-04T05:49:26Z, 3186645, 0.448, 1427616.96, 0.534, 1701668.43
2020-11-04T05:51:05Z, 3190726, 0.448, 1429445.248, 0.534, 1703847.684
2020-11-04T05:51:44Z, 3194207, 0.448, 1431004.736, 0.534, 1705706.538
2020-11-04T05:52:34Z, 3205743, 0.448, 1436172.864, 0.534, 1711866.762
2020-11-04T05:53:36Z, 3207289, 0.448, 1436865.472, 0.534, 1712692.326
2020-11-04T05:53:51Z, 3232115, 0.449, 1451219.635, 0.534, 1725949.41
2020-11-04T05:53:56Z, 3237675, 0.449, 1453716.075, 0.533, 1725680.775
2020-11-04T05:54:18Z, 3237871, 0.449, 1453804.079, 0.533, 1725785.243
2020-11-04T05:54:33Z, 3244793, 0.449, 1456912.057, 0.533, 1729474.669
2020-11-04T05:56:48Z, 3248160, 0.449, 1458423.84, 0.533, 1731269.28
2020-11-04T05:57:42Z, 3253831, 0.448, 1457716.288, 0.534, 1737545.754
2020-11-04T05:58:01Z, 3254300, 0.448, 1457926.4, 0.534, 1737796.2
2020-11-04T05:58:19Z, 3255870, 0.448, 1458629.76, 0.534, 1738634.58
2020-11-04T05:59:10Z, 3256723, 0.448, 1459011.904, 0.534, 1739090.082
2020-11-04T05:59:48Z, 3280499, 0.448, 1469663.552, 0.534, 1751786.466
2020-11-04T06:00:14Z, 3285603, 0.448, 1471950.144, 0.534, 1754512.002
2020-11-04T06:01:56Z, 3303286, 0.448, 1479872.128, 0.534, 1763954.724
2020-11-04T06:02:49Z, 3307476, 0.448, 1481749.248, 0.534, 1766192.184
2020-11-04T06:06:32Z, 3308222, 0.448, 1482083.456, 0.534, 1766590.548
2020-11-04T06:06:57Z, 3309219, 0.448, 1482530.112, 0.534, 1767122.946
2020-11-04T06:07:13Z, 3313260, 0.448, 1484340.48, 0.534, 1769280.84
2020-11-04T06:08:27Z, 3313269, 0.448, 1484344.512, 0.534, 1769285.646
2020-11-04T06:09:47Z, 3316681, 0.448, 1485873.088, 0.534, 1771107.654
2020-11-04T06:09:58Z, 3328250, 0.448, 1491056, 0.534, 1777285.5
2020-11-04T06:10:48Z, 3330408, 0.448, 1492022.784, 0.535, 1781768.28
2020-11-04T06:12:46Z, 3330758, 0.448, 1492179.584, 0.535, 1781955.53
2020-11-04T06:13:46Z, 3331621, 0.448, 1492566.208, 0.535, 1782417.235
2020-11-04T06:14:34Z, 3334059, 0.447, 1490324.373, 0.535, 1783721.565
2020-11-04T06:14:49Z, 3339680, 0.447, 1492836.96, 0.535, 1786728.8
2020-11-04T06:16:19Z, 3358823, 0.448, 1504752.704, 0.534, 1793611.482
2020-11-04T06:17:49Z, 3359271, 0.448, 1504953.408, 0.534, 1793850.714
2020-11-04T06:18:29Z, 3368089, 0.448, 1508903.872, 0.534, 1798559.526
2020-11-04T06:19:46Z, 3372030, 0.448, 1510669.44, 0.534, 1800664.02
2020-11-04T06:21:56Z, 3379806, 0.449, 1517532.894, 0.533, 1801436.598
2020-11-04T06:23:05Z, 3379815, 0.449, 1517536.935, 0.533, 1801441.395
2020-11-04T06:23:23Z, 3388545, 0.449, 1521456.705, 0.533, 1806094.485
2020-11-04T06:23:48Z, 3398494, 0.449, 1525923.806, 0.533, 1811397.302
2020-11-04T06:24:35Z, 3401349, 0.449, 1527205.701, 0.534, 1816320.366
2020-11-04T06:25:14Z, 3401361, 0.449, 1527211.089, 0.534, 1816326.774
2020-11-04T06:26:17Z, 3414604, 0.448, 1529742.592, 0.534, 1823398.536
2020-11-04T06:26:49Z, 3421565, 0.449, 1536282.685, 0.534, 1827115.71
2020-11-04T06:28:10Z, 3423444, 0.449, 1537126.356, 0.534, 1828119.096
2020-11-04T06:29:51Z, 3434148, 0.449, 1541932.452, 0.533, 1830400.884
2020-11-04T06:31:11Z, 3439578, 0.449, 1544370.522, 0.533, 1833295.074
2020-11-04T06:31:48Z, 3441317, 0.449, 1545151.333, 0.533, 1834221.961
2020-11-04T06:32:54Z, 3448669, 0.449, 1548452.381, 0.533, 1838140.577
2020-11-04T06:33:05Z, 3452346, 0.449, 1550103.354, 0.533, 1840100.418
2020-11-04T06:36:01Z, 3459769, 0.449, 1553436.281, 0.533, 1844056.877
2020-11-04T06:36:46Z, 3461774, 0.449, 1554336.526, 0.533, 1845125.542
2020-11-04T06:37:22Z, 3470142, 0.449, 1558093.758, 0.533, 1849585.686
2020-11-04T06:38:18Z, 3475497, 0.449, 1560498.153, 0.534, 1855915.398
2020-11-04T06:38:47Z, 3478398, 0.449, 1561800.702, 0.533, 1853986.134
2020-11-04T06:39:22Z, 3489333, 0.449, 1566710.517, 0.534, 1863303.822
2020-11-04T06:39:37Z, 3495359, 0.449, 1569416.191, 0.534, 1866521.706
2020-11-04T06:39:53Z, 3495962, 0.448, 1566190.976, 0.534, 1866843.708
2020-11-04T06:40:06Z, 3514470, 0.448, 1574482.56, 0.534, 1876726.98
2020-11-04T06:40:21Z, 3514485, 0.448, 1574489.28, 0.534, 1876734.99
2020-11-04T06:40:45Z, 3522733, 0.449, 1581707.117, 0.533, 1877616.689
2020-11-04T06:41:46Z, 3531811, 0.449, 1585783.139, 0.533, 1882455.263
2020-11-04T06:42:12Z, 3544794, 0.449, 1591612.506, 0.533, 1889375.202
2020-11-04T06:42:48Z, 3545674, 0.449, 1592007.626, 0.533, 1889844.242
2020-11-04T06:43:38Z, 3549424, 0.449, 1593691.376, 0.533, 1891842.992
2020-11-04T06:44:46Z, 3553366, 0.449, 1595461.334, 0.533, 1893944.078
2020-11-04T06:47:57Z, 3581471, 0.448, 1604499.008, 0.534, 1912505.514
2020-11-04T06:48:41Z, 3582525, 0.448, 1604971.2, 0.534, 1913068.35
2020-11-04T06:48:47Z, 3587356, 0.448, 1607135.488, 0.534, 1915648.104
2020-11-04T06:51:46Z, 3589112, 0.448, 1607922.176, 0.534, 1916585.808
2020-11-04T06:53:50Z, 3591037, 0.448, 1608784.576, 0.534, 1917613.758
2020-11-04T06:54:23Z, 3597919, 0.448, 1611867.712, 0.534, 1921288.746
2020-11-04T06:54:48Z, 3606490, 0.448, 1615707.52, 0.534, 1925865.66
2020-11-04T06:56:47Z, 3614696, 0.448, 1619383.808, 0.534, 1930247.664
2020-11-04T06:58:47Z, 3616879, 0.448, 1620361.792, 0.534, 1931413.386
2020-11-04T07:00:37Z, 3643075, 0.45, 1639383.75, 0.533, 1941758.975
2020-11-04T07:01:46Z, 3649714, 0.45, 1642371.3, 0.533, 1945297.562
2020-11-04T07:03:17Z, 3656445, 0.45, 1645400.25, 0.533, 1948885.185
2020-11-04T07:03:45Z, 3689709, 0.452, 1667748.468, 0.53, 1955545.77
2020-11-04T07:05:26Z, 3691717, 0.452, 1668656.084, 0.53, 1956610.01
2020-11-04T07:06:46Z, 3694006, 0.452, 1669690.712, 0.53, 1957823.18
2020-11-04T07:07:09Z, 3698027, 0.452, 1671508.204, 0.53, 1959954.31
2020-11-04T07:07:45Z, 3701034, 0.452, 1672867.368, 0.53, 1961548.02
2020-11-04T07:08:46Z, 3707328, 0.452, 1675712.256, 0.53, 1964883.84
2020-11-04T07:09:46Z, 3711016, 0.452, 1677379.232, 0.53, 1966838.48
2020-11-04T07:15:08Z, 3731784, 0.452, 1686766.368, 0.53, 1977845.52
2020-11-04T07:15:59Z, 3737361, 0.452, 1689287.172, 0.53, 1980801.33
2020-11-04T07:16:47Z, 3739988, 0.452, 1690474.576, 0.53, 1982193.64
2020-11-04T07:17:47Z, 3745052, 0.452, 1692763.504, 0.53, 1984877.56
2020-11-04T07:19:18Z, 3746889, 0.452, 1693593.828, 0.53, 1985851.17
2020-11-04T07:20:09Z, 3749467, 0.452, 1694759.084, 0.53, 1987217.51
2020-11-04T07:20:47Z, 3751208, 0.452, 1695546.016, 0.531, 1991891.448
2020-11-04T07:21:56Z, 3756573, 0.452, 1697970.996, 0.531, 1994740.263
2020-11-04T07:22:47Z, 3757597, 0.452, 1698433.844, 0.531, 1995284.007
2020-11-04T07:23:49Z, 3766173, 0.451, 1698544.023, 0.531, 1999837.863
2020-11-04T07:26:09Z, 3772675, 0.451, 1701476.425, 0.531, 2003290.425
2020-11-04T07:26:41Z, 3780917, 0.451, 1705193.567, 0.531, 2007666.927
2020-11-04T07:27:24Z, 3780919, 0.451, 1705194.469, 0.531, 2007667.989
2020-11-04T07:27:48Z, 3787054, 0.451, 1707961.354, 0.531, 2010925.674
2020-11-04T07:29:48Z, 3791415, 0.451, 1709928.165, 0.531, 2013241.365
2020-11-04T07:30:33Z, 3802678, 0.451, 1715007.778, 0.531, 2019222.018
2020-11-04T07:32:07Z, 3806695, 0.451, 1716819.445, 0.532, 2025161.74
2020-11-04T07:33:46Z, 3809102, 0.451, 1717905.002, 0.531, 2022633.162
2020-11-04T07:36:18Z, 3814267, 0.451, 1720234.417, 0.531, 2025375.777
2020-11-04T07:36:41Z, 3818589, 0.451, 1722183.639, 0.531, 2027670.759
2020-11-04T07:37:47Z, 3823936, 0.451, 1724595.136, 0.531, 2030510.016
2020-11-04T07:38:41Z, 3828604, 0.451, 1726700.404, 0.531, 2032988.724
2020-11-04T07:41:46Z, 3843273, 0.452, 1737159.396, 0.53, 2036934.69
2020-11-04T07:43:47Z, 3852615, 0.452, 1741381.98, 0.53, 2041885.95
2020-11-04T07:44:48Z, 3876262, 0.452, 1752070.424, 0.531, 2058295.122
2020-11-04T07:47:46Z, 3877624, 0.452, 1752686.048, 0.531, 2059018.344
2020-11-04T07:49:09Z, 3879353, 0.452, 1753467.556, 0.531, 2059936.443
2020-11-04T07:50:45Z, 3882343, 0.452, 1754819.036, 0.531, 2061524.133
2020-11-04T07:51:46Z, 3882746, 0.452, 1755001.192, 0.531, 2061738.126
2020-11-04T07:52:48Z, 3884666, 0.452, 1755869.032, 0.531, 2062757.646
2020-11-04T07:54:49Z, 3887253, 0.452, 1757038.356, 0.531, 2064131.343
2020-11-04T07:55:48Z, 3888991, 0.452, 1757823.932, 0.531, 2065054.221
2020-11-04T08:00:57Z, 3986835, 0.455, 1814009.925, 0.528, 2105048.88
2020-11-04T08:03:09Z, 4004947, 0.454, 1818245.938, 0.528, 2114612.016
2020-11-04T08:06:04Z, 4007034, 0.454, 1819193.436, 0.528, 2115713.952
2020-11-04T08:06:36Z, 4016390, 0.454, 1823441.06, 0.529, 2124670.31
2020-11-04T08:11:44Z, 4021454, 0.454, 1825740.116, 0.529, 2127349.166
2020-11-04T08:13:35Z, 4030157, 0.454, 1829691.278, 0.529, 2131953.053
2020-11-04T08:20:05Z, 4031302, 0.454, 1830211.108, 0.529, 2132558.758
2020-11-04T08:20:26Z, 4043924, 0.454, 1835941.496, 0.529, 2139235.796
2020-11-04T08:21:50Z, 4071108, 0.454, 1848283.032, 0.528, 2149545.024
2020-11-04T08:23:08Z, 4072890, 0.454, 1849092.06, 0.529, 2154558.81
2020-11-04T08:23:51Z, 4078144, 0.454, 1851477.376, 0.529, 2157338.176
2020-11-04T08:25:45Z, 4080673, 0.454, 1852625.542, 0.529, 2158676.017
2020-11-04T08:26:36Z, 4080676, 0.454, 1852626.904, 0.529, 2158677.604
2020-11-04T08:27:47Z, 4084863, 0.454, 1854527.802, 0.529, 2160892.527
2020-11-04T08:33:49Z, 4090131, 0.454, 1856919.474, 0.529, 2163679.299
2020-11-04T08:36:42Z, 4090508, 0.454, 1857090.632, 0.529, 2163878.732
2020-11-04T08:38:32Z, 4093329, 0.454, 1858371.366, 0.529, 2165371.041
2020-11-04T08:43:48Z, 4095724, 0.454, 1859458.696, 0.529, 2166637.996
2020-11-04T08:44:08Z, 4097222, 0.454, 1860138.788, 0.529, 2167430.438
2020-11-04T08:49:12Z, 4100876, 0.453, 1857696.828, 0.529, 2169363.404
2020-11-04T08:50:10Z, 4156943, 0.46, 1912193.78, 0.523, 2174081.189
2020-11-04T08:50:32Z, 4163471, 0.46, 1915196.66, 0.523, 2177495.333
2020-11-04T08:55:47Z, 4166438, 0.46, 1916561.48, 0.523, 2179047.074
2020-11-04T08:56:08Z, 4177229, 0.461, 1925702.569, 0.522, 2180513.538
2020-11-04T08:57:03Z, 4207367, 0.463, 1948010.921, 0.52, 2187830.84
2020-11-04T09:01:14Z, 4224666, 0.464, 1960245.024, 0.519, 2192601.654
2020-11-04T09:03:30Z, 4227799, 0.463, 1957470.937, 0.52, 2198455.48
2020-11-04T09:06:48Z, 4232157, 0.463, 1959488.691, 0.52, 2200721.64
2020-11-04T09:08:13Z, 4238302, 0.463, 1962333.826, 0.52, 2203917.04
2020-11-04T09:13:52Z, 4243099, 0.462, 1960311.738, 0.52, 2206411.48
2020-11-04T09:15:47Z, 4294021, 0.464, 1992425.744, 0.519, 2228596.899
2020-11-04T09:18:51Z, 4295810, 0.464, 1993255.84, 0.519, 2229525.39
2020-11-04T09:20:51Z, 4297778, 0.463, 1989871.214, 0.519, 2230546.782
2020-11-04T09:23:48Z, 4301386, 0.464, 1995843.104, 0.518, 2228117.948
2020-11-04T09:26:49Z, 4302594, 0.464, 1996403.616, 0.518, 2228743.692
2020-11-04T09:33:46Z, 4304501, 0.464, 1997288.464, 0.519, 2234036.019
2020-11-04T09:37:52Z, 4306766, 0.464, 1998339.424, 0.519, 2235211.554
2020-11-04T09:47:49Z, 4344044, 0.463, 2011292.372, 0.519, 2254558.836
2020-11-04T09:48:27Z, 4345932, 0.463, 2012166.516, 0.52, 2259884.64
2020-11-04T09:49:03Z, 4345950, 0.463, 2012174.85, 0.52, 2259894
2020-11-04T09:53:50Z, 4345952, 0.463, 2012175.776, 0.52, 2259895.04
2020-11-04T09:56:35Z, 4354317, 0.463, 2016048.771, 0.519, 2259890.523
2020-11-04T09:57:00Z, 4365423, 0.464, 2025556.272, 0.518, 2261289.114
2020-11-04T10:00:46Z, 4383872, 0.465, 2038500.48, 0.518, 2270845.696
2020-11-04T10:02:08Z, 4383922, 0.465, 2038523.73, 0.518, 2270871.596
2020-11-04T10:03:43Z, 4396290, 0.465, 2044274.85, 0.517, 2272881.93
2020-11-04T10:11:12Z, 4439845, 0.467, 2073407.615, 0.516, 2290960.02
2020-11-04T10:14:45Z, 4439859, 0.467, 2073414.153, 0.516, 2290967.244
2020-11-04T10:22:15Z, 4442242, 0.467, 2074527.014, 0.516, 2292196.872
2020-11-04T10:33:48Z, 4449514, 0.467, 2077923.038, 0.516, 2295949.224
2020-11-04T10:35:13Z, 4472601, 0.468, 2093177.268, 0.515, 2303389.515
2020-11-04T10:41:47Z, 4487095, 0.468, 2099960.46, 0.514, 2306366.83
2020-11-04T10:42:43Z, 4498866, 0.469, 2109968.154, 0.514, 2312417.124
2020-11-04T10:47:41Z, 4515533, 0.469, 2117784.977, 0.514, 2320983.962
2020-11-04T10:47:47Z, 4517383, 0.469, 2118652.627, 0.514, 2321934.862
2020-11-04T10:49:47Z, 4525011, 0.469, 2122230.159, 0.514, 2325855.654
2020-11-04T10:52:55Z, 4537220, 0.469, 2127956.18, 0.513, 2327593.86
2020-11-04T10:53:51Z, 4541303, 0.469, 2129871.107, 0.513, 2329688.439
2020-11-04T10:56:46Z, 4544854, 0.47, 2136081.38, 0.513, 2331510.102
2020-11-04T11:06:48Z, 4545797, 0.47, 2136524.59, 0.513, 2331993.861
2020-11-04T11:08:35Z, 4549851, 0.47, 2138429.97, 0.513, 2334073.563
2020-11-04T11:13:53Z, 4552864, 0.47, 2139846.08, 0.513, 2335619.232
2020-11-04T11:14:33Z, 4555784, 0.47, 2141218.48, 0.513, 2337117.192
2020-11-04T11:14:48Z, 4564424, 0.47, 2145279.28, 0.513, 2341549.512
2020-11-04T11:26:47Z, 4565175, 0.47, 2145632.25, 0.513, 2341934.775
2020-11-04T11:31:48Z, 4574555, 0.47, 2150040.85, 0.513, 2346746.715
2020-11-04T11:31:53Z, 4724327, 0.485, 2291298.595, 0.498, 2352714.846
2020-11-04T11:52:08Z, 4734623, 0.485, 2296292.155, 0.498, 2357842.254
2020-11-04T12:03:10Z, 4752966, 0.486, 2309941.476, 0.498, 2366977.068
2020-11-04T12:08:46Z, 4815774, 0.487, 2345281.938, 0.496, 2388623.904
2020-11-04T12:12:57Z, 4825508, 0.487, 2350022.396, 0.497, 2398277.476
2020-11-04T12:14:51Z, 4866279, 0.489, 2379610.431, 0.494, 2403941.826
2020-11-04T12:35:25Z, 4866299, 0.489, 2379620.211, 0.494, 2403951.706
2020-11-04T12:36:47Z, 4867492, 0.489, 2380203.588, 0.494, 2404541.048
2020-11-04T12:44:51Z, 4868902, 0.489, 2380893.078, 0.494, 2405237.588
2020-11-04T12:49:53Z, 4873736, 0.489, 2383256.904, 0.494, 2407625.584
2020-11-04T13:15:47Z, 4874836, 0.489, 2383794.804, 0.494, 2408168.984
2020-11-04T13:23:51Z, 4883065, 0.489, 2387818.785, 0.494, 2412234.11
2020-11-04T13:40:52Z, 4915925, 0.489, 2403887.325, 0.494, 2428466.95
2020-11-04T13:54:47Z, 4937389, 0.489, 2414383.221, 0.494, 2439070.166
2020-11-04T13:59:48Z, 4963304, 0.49, 2432018.96, 0.493, 2446908.872
2020-11-04T14:02:47Z, 5023632, 0.492, 2471626.944, 0.492, 2471626.944
2020-11-04T14:04:48Z, 5025801, 0.492, 2472694.092, 0.492, 2472694.092
2020-11-04T14:05:48Z, 5048379, 0.492, 2483802.468, 0.491, 2478754.089
2020-11-04T14:15:15Z, 5055174, 0.492, 2487145.608, 0.491, 2482090.434
2020-11-04T14:15:50Z, 5080970, 0.493, 2504918.21, 0.491, 2494756.27
2020-11-04T14:23:48Z, 5095176, 0.493, 2511921.768, 0.491, 2501731.416
2020-11-04T14:45:48Z, 5106890, 0.493, 2517696.77, 0.491, 2507482.99
2020-11-04T15:01:49Z, 5107896, 0.493, 2518192.728, 0.491, 2507976.936
2020-11-04T15:23:50Z, 5108580, 0.493, 2518529.94, 0.491, 2508312.78
2020-11-04T15:32:50Z, 5110614, 0.493, 2519532.702, 0.491, 2509311.474
2020-11-04T15:43:49Z, 5112648, 0.493, 2520535.464, 0.491, 2510310.168
2020-11-04T15:58:49Z, 5114931, 0.493, 2521660.983, 0.491, 2511431.121
2020-11-04T16:07:50Z, 5121579, 0.493, 2524938.447, 0.491, 2514695.289
2020-11-04T16:15:42Z, 5184544, 0.495, 2566349.28, 0.489, 2535242.016
2020-11-04T16:21:48Z, 5187059, 0.495, 2567594.205, 0.488, 2531284.792
2020-11-04T16:24:49Z, 5201268, 0.495, 2574627.66, 0.489, 2543420.052
2020-11-04T16:30:48Z, 5201437, 0.495, 2574711.315, 0.489, 2543502.693
2020-11-04T16:33:49Z, 5207177, 0.495, 2577552.615, 0.489, 2546309.553
2020-11-04T16:36:13Z, 5217543, 0.495, 2582683.785, 0.488, 2546160.984
2020-11-04T16:50:47Z, 5221380, 0.495, 2584583.1, 0.488, 2548033.44
2020-11-04T16:53:48Z, 5222700, 0.495, 2585236.5, 0.488, 2548677.6
2020-11-04T17:00:17Z, 5235737, 0.495, 2591689.815, 0.489, 2560275.393
2020-11-04T17:34:13Z, 5236020, 0.495, 2591829.9, 0.489, 2560413.78
2020-11-04T17:38:48Z, 5236793, 0.495, 2592212.535, 0.489, 2560791.777
2020-11-04T17:42:50Z, 5252066, 0.495, 2599772.67, 0.489, 2568260.274
2020-11-04T17:46:49Z, 5254215, 0.495, 2600836.425, 0.489, 2569311.135
2020-11-04T17:53:12Z, 5303442, 0.496, 2630507.232, 0.487, 2582776.254
2020-11-04T18:23:51Z, 5291005, 0.496, 2624338.48, 0.487, 2576719.435
2020-11-04T18:26:24Z, 5291155, 0.496, 2624412.88, 0.487, 2576792.485
2020-11-04T19:08:47Z, 5291276, 0.496, 2624472.896, 0.487, 2576851.412
2020-11-04T19:13:49Z, 5329650, 0.495, 2638176.75, 0.488, 2600869.2
2020-11-04T19:28:30Z, 5329728, 0.495, 2638215.36, 0.488, 2600907.264
2020-11-04T20:10:47Z, 5331105, 0.495, 2638896.975, 0.488, 2601579.24
2020-11-04T20:23:50Z, 5335699, 0.495, 2641171.005, 0.488, 2603821.112
2020-11-04T20:38:47Z, 5336392, 0.495, 2641514.04, 0.488, 2604159.296
2020-11-04T20:55:38Z, 5372494, 0.498, 2675502.012, 0.486, 2611032.084
2020-11-04T21:15:13Z, 5372494, 0.498, 2675502.012, 0.486, 2611032.084
2020-11-04T21:37:25Z, 5389498, 0.498, 2683970.004, 0.486, 2619296.028
2020-11-04T23:31:12Z, 5395016, 0.498, 2686717.968, 0.485, 2616582.76
2020-11-05T00:02:49Z, 5452254, 0.501, 2731579.254, 0.482, 2627986.428
2020-11-05T00:29:28Z, 5472004, 0.503, 2752418.012, 0.481, 2632033.924
2020-11-05T01:39:50Z, 5472595, 0.503, 2752715.285, 0.481, 2632318.195
2020-11-05T03:45:20Z, 5493400, 0.504, 2768673.6, 0.48, 2636832
2020-11-05T13:34:44Z, 5515817, 0.506, 2791003.402, 0.478, 2636560.526
2020-11-05T21:23:40Z, 5533144, 0.505, 2794237.72, 0.479, 2650375.976
2020-11-06T01:56:40Z, 5533164, 0.505, 2794247.82, 0.479, 2650385.556
2020-11-06T17:46:36Z, 5533185, 0.505, 2794258.425, 0.479, 2650395.615
2020-11-06T18:11:31Z, 5530389, 0.505, 2792846.445, 0.479, 2649056.331
2020-11-06T18:23:36Z, 5530390, 0.505, 2792846.95, 0.479, 2649056.81
2020-11-09T17:40:41Z, 5530391, 0.505, 2792847.455, 0.479, 2649057.289
2020-11-09T21:42:13Z, 5523742, 0.505, 2789489.71, 0.479, 2645872.418
2020-11-09T23:04:46Z, 5531222, 0.505, 2793267.11, 0.479, 2649455.338
2020-11-10T14:28:10Z, 5531232, 0.505, 2793272.16, 0.479, 2649460.128
2020-11-10T15:11:47Z, 5531233, 0.505, 2793272.665, 0.479, 2649460.607
