Timestamp, TotalVotes, BidenVoterShare, BidenVotes, TrumpVoterShare, TrumpVotes
2020-11-04T09:25:23Z, 0, 0, 0, 0, 0
2020-11-04T00:19:27Z, 77, 0.571, 43.967, 0.429, 33.033
2020-11-04T00:30:20Z, 0, 0, 0, 0, 0
2020-11-04T00:42:45Z, 11, 0.636, 6.996, 0.364, 4.004
2020-11-04T00:59:15Z, 0, 0, 0, 0, 0
2020-11-04T01:03:44Z, 64535, 0.799, 51563.465, 0.188, 12132.58
2020-11-04T01:14:19Z, 86353, 0.772, 66664.516, 0.216, 18652.248
2020-11-04T01:14:26Z, 120261, 0.764, 91879.404, 0.225, 27058.725
2020-11-04T01:15:31Z, 195481, 0.831, 162444.711, 0.16, 31276.96
2020-11-04T01:15:55Z, 211317, 0.828, 174970.476, 0.163, 34444.671
2020-11-04T01:17:19Z, 219166, 0.822, 180154.452, 0.169, 37039.054
2020-11-04T01:24:10Z, 219258, 0.821, 180010.818, 0.169, 37054.602
2020-11-04T01:26:57Z, 301969, 0.841, 253955.929, 0.151, 45597.319
2020-11-04T01:29:03Z, 306881, 0.836, 256552.516, 0.155, 47566.555
2020-11-04T01:31:11Z, 436908, 0.587, 256464.996, 0.407, 177821.556
2020-11-04T01:32:56Z, 476287, 0.604, 287677.348, 0.39, 185751.93
2020-11-04T01:35:04Z, 503027, 0.608, 305840.416, 0.385, 193665.395
2020-11-04T01:36:16Z, 557915, 0.632, 352602.28, 0.361, 201407.315
2020-11-04T01:36:55Z, 559431, 0.632, 353560.392, 0.361, 201954.591
2020-11-04T01:37:50Z, 564800, 0.631, 356388.8, 0.363, 205022.4
2020-11-04T01:38:49Z, 678741, 0.656, 445254.096, 0.337, 228735.717
2020-11-04T01:40:56Z, 688010, 0.655, 450646.55, 0.337, 231859.37
2020-11-04T01:44:56Z, 694151, 0.651, 451892.301, 0.342, 237399.642
2020-11-04T01:46:00Z, 694271, 0.651, 451970.421, 0.342, 237440.682
2020-11-04T01:47:01Z, 695628, 0.65, 452158.2, 0.343, 238600.404
2020-11-04T01:48:56Z, 696058, 0.65, 452437.7, 0.343, 238747.894
2020-11-04T01:49:47Z, 701106, 0.649, 455017.794, 0.343, 240479.358
2020-11-04T01:50:58Z, 715357, 0.641, 458543.837, 0.351, 251090.307
2020-11-04T01:51:36Z, 955161, 0.685, 654285.285, 0.308, 294189.588
2020-11-04T01:52:56Z, 959453, 0.683, 655306.399, 0.31, 297430.43
2020-11-04T01:54:55Z, 963987, 0.681, 656475.147, 0.311, 299799.957
2020-11-04T01:57:01Z, 977045, 0.681, 665367.645, 0.311, 303860.995
2020-11-04T01:58:08Z, 980230, 0.68, 666556.4, 0.313, 306811.99
2020-11-04T01:59:15Z, 1020864, 0.669, 682958.016, 0.323, 329739.072
2020-11-04T01:59:44Z, 1020920, 0.669, 682995.48, 0.323, 329757.16
2020-11-04T01:59:54Z, 1025783, 0.668, 685223.044, 0.324, 332353.692
2020-11-04T02:00:34Z, 1025811, 0.668, 685241.748, 0.324, 332362.764
2020-11-04T02:01:18Z, 1031614, 0.668, 689118.152, 0.324, 334242.936
2020-11-04T02:02:21Z, 1033161, 0.667, 689118.387, 0.325, 335777.325
2020-11-04T02:03:01Z, 1052706, 0.661, 695838.666, 0.331, 348445.686
2020-11-04T02:04:59Z, 1057287, 0.659, 696752.133, 0.334, 353133.858
2020-11-04T02:05:29Z, 1059524, 0.658, 697166.792, 0.335, 354940.54
2020-11-04T02:05:59Z, 1069005, 0.658, 703405.29, 0.334, 357047.67
2020-11-04T02:07:00Z, 1073486, 0.656, 704206.816, 0.336, 360691.296
2020-11-04T02:08:57Z, 1083296, 0.651, 705225.696, 0.341, 369403.936
2020-11-04T02:10:32Z, 1087107, 0.65, 706619.55, 0.342, 371790.594
2020-11-04T02:11:01Z, 1106477, 0.643, 711464.711, 0.349, 386160.473
2020-11-04T02:13:11Z, 1111586, 0.641, 712526.626, 0.351, 390166.686
2020-11-04T02:14:32Z, 871782, 0.592, 516094.944, 0.399, 347841.018
2020-11-04T02:14:56Z, 877724, 0.59, 517857.16, 0.402, 352845.048
2020-11-04T02:16:43Z, 888907, 0.586, 520899.502, 0.406, 360896.242
2020-11-04T02:17:03Z, 774021, 0.689, 533300.469, 0.301, 232980.321
2020-11-04T02:17:32Z, 781428, 0.685, 535278.18, 0.306, 239116.968
2020-11-04T02:18:59Z, 1288475, 0.677, 872297.575, 0.299, 385254.025
2020-11-04T02:19:33Z, 1288604, 0.677, 872384.908, 0.299, 385292.596
2020-11-04T02:21:59Z, 1325632, 0.664, 880219.648, 0.312, 413597.184
2020-11-04T02:22:45Z, 739443, 0.627, 463630.761, 0.363, 268417.809
2020-11-04T02:23:32Z, 779178, 0.629, 490102.962, 0.361, 281283.258
2020-11-04T02:24:00Z, 786831, 0.625, 491769.375, 0.364, 286406.484
2020-11-04T02:24:33Z, 789060, 0.624, 492373.44, 0.366, 288795.96
2020-11-04T02:24:41Z, 796833, 0.622, 495630.126, 0.367, 292437.711
2020-11-04T02:25:14Z, 805891, 0.619, 498846.529, 0.371, 298985.561
2020-11-04T02:27:12Z, 826032, 0.61, 503879.52, 0.38, 313892.16
2020-11-04T02:29:18Z, 843633, 0.605, 510397.965, 0.384, 323955.072
2020-11-04T02:29:31Z, 847907, 0.603, 511287.921, 0.386, 327292.102
2020-11-04T02:30:54Z, 848033, 0.603, 511363.899, 0.386, 327340.738
2020-11-04T02:31:27Z, 856034, 0.599, 512764.366, 0.391, 334709.294
2020-11-04T02:31:58Z, 872558, 0.602, 525279.916, 0.387, 337679.946
2020-11-04T02:32:09Z, 888822, 0.597, 530626.734, 0.391, 347529.402
2020-11-04T02:32:54Z, 902116, 0.594, 535856.904, 0.394, 355433.704
2020-11-04T02:33:27Z, 902152, 0.594, 535878.288, 0.394, 355447.888
2020-11-04T02:34:54Z, 949266, 0.575, 545827.95, 0.413, 392046.858
2020-11-04T02:35:23Z, 949342, 0.575, 545871.65, 0.413, 392078.246
2020-11-04T02:36:06Z, 961574, 0.57, 548097.18, 0.418, 401937.932
2020-11-04T02:37:14Z, 982386, 0.563, 553083.318, 0.425, 417514.05
2020-11-04T02:38:07Z, 993848, 0.56, 556554.88, 0.428, 425366.944
2020-11-04T02:38:19Z, 994006, 0.559, 555649.354, 0.428, 425434.568
2020-11-04T02:39:32Z, 1004180, 0.555, 557319.9, 0.432, 433805.76
2020-11-04T02:39:53Z, 1012346, 0.552, 558814.992, 0.435, 440370.51
2020-11-04T02:40:21Z, 1019160, 0.552, 562576.32, 0.435, 443334.6
2020-11-04T02:40:30Z, 1026928, 0.551, 565837.328, 0.436, 447740.608
2020-11-04T02:41:08Z, 1103356, 0.537, 592502.172, 0.45, 496510.2
2020-11-04T02:41:23Z, 1125611, 0.532, 598825.052, 0.455, 512153.005
2020-11-04T02:42:28Z, 1130997, 0.53, 599428.41, 0.457, 516865.629
2020-11-04T02:42:46Z, 1138662, 0.527, 600074.874, 0.459, 522645.858
2020-11-04T02:47:35Z, 1143344, 0.526, 601398.944, 0.461, 527081.584
2020-11-04T02:47:57Z, 1145446, 0.525, 601359.15, 0.461, 528050.606
2020-11-04T02:48:30Z, 1145639, 0.525, 601460.475, 0.461, 528139.579
2020-11-04T02:49:26Z, 1145739, 0.525, 601512.975, 0.461, 528185.679
2020-11-04T02:49:43Z, 1185670, 0.517, 612991.39, 0.47, 557264.9
2020-11-04T02:50:45Z, 1186088, 0.517, 613207.496, 0.47, 557461.36
2020-11-04T02:51:19Z, 1211989, 0.515, 624174.335, 0.472, 572058.808
2020-11-04T02:51:28Z, 1291913, 0.5, 645956.5, 0.487, 629161.631
2020-11-04T02:52:11Z, 1291950, 0.5, 645975, 0.487, 629179.65
2020-11-04T02:53:55Z, 1300528, 0.498, 647662.944, 0.489, 635958.192
2020-11-04T02:55:22Z, 1348610, 0.491, 662167.51, 0.496, 668910.56
2020-11-04T02:55:34Z, 1350287, 0.49, 661640.63, 0.497, 671092.639
2020-11-04T02:56:40Z, 1390907, 0.484, 673198.988, 0.503, 699626.221
2020-11-04T02:56:56Z, 1391141, 0.484, 673312.244, 0.503, 699743.923
2020-11-04T02:57:03Z, 1394458, 0.484, 674917.672, 0.504, 702806.832
2020-11-04T02:57:16Z, 1403920, 0.482, 676689.44, 0.506, 710383.52
2020-11-04T02:58:43Z, 1418881, 0.478, 678225.118, 0.509, 722210.429
2020-11-04T02:59:28Z, 1422981, 0.477, 678761.937, 0.51, 725720.31
2020-11-04T03:00:54Z, 1423030, 0.477, 678785.31, 0.51, 725745.3
2020-11-04T03:01:47Z, 1424568, 0.477, 679518.936, 0.51, 726529.68
2020-11-04T03:02:17Z, 1428904, 0.477, 681587.208, 0.51, 728741.04
2020-11-04T03:03:39Z, 1474989, 0.473, 697669.797, 0.513, 756669.357
2020-11-04T03:03:59Z, 1522869, 0.471, 717271.299, 0.516, 785800.404
2020-11-04T03:04:31Z, 1584703, 0.479, 759072.737, 0.508, 805029.124
2020-11-04T03:04:53Z, 1584731, 0.479, 759086.149, 0.508, 805043.348
2020-11-04T03:05:47Z, 1600675, 0.476, 761921.3, 0.511, 817944.925
2020-11-04T03:06:01Z, 1614372, 0.472, 761983.584, 0.515, 831401.58
2020-11-04T03:06:54Z, 1652038, 0.468, 773153.784, 0.519, 857407.722
2020-11-04T03:08:40Z, 1658111, 0.467, 774337.837, 0.52, 862217.72
2020-11-04T03:08:53Z, 1662405, 0.466, 774680.73, 0.521, 866113.005
2020-11-04T03:09:00Z, 1677599, 0.464, 778405.936, 0.522, 875706.678
2020-11-04T03:10:10Z, 1704839, 0.465, 792750.135, 0.522, 889925.958
2020-11-04T03:11:07Z, 1715144, 0.463, 794111.672, 0.524, 898735.456
2020-11-04T03:11:30Z, 1715200, 0.463, 794137.6, 0.524, 898764.8
2020-11-04T03:11:51Z, 1759522, 0.457, 804101.554, 0.53, 932546.66
2020-11-04T03:12:12Z, 1765944, 0.456, 805270.464, 0.531, 937716.264
2020-11-04T03:12:51Z, 1766074, 0.456, 805329.744, 0.531, 937785.294
2020-11-04T03:13:18Z, 1766286, 0.455, 803660.13, 0.531, 937897.866
2020-11-04T03:13:49Z, 1768309, 0.455, 804580.595, 0.531, 938972.079
2020-11-04T03:14:32Z, 1768360, 0.455, 804603.8, 0.531, 938999.16
2020-11-04T03:15:47Z, 1783181, 0.454, 809564.174, 0.533, 950435.473
2020-11-04T03:16:36Z, 1890649, 0.467, 882933.083, 0.52, 983137.48
2020-11-04T03:18:15Z, 1892468, 0.467, 883782.556, 0.52, 984083.36
2020-11-04T03:18:47Z, 1953191, 0.466, 910187.006, 0.52, 1015659.32
2020-11-04T03:20:11Z, 2015531, 0.466, 939237.446, 0.521, 1050091.651
2020-11-04T03:21:21Z, 2034760, 0.464, 944128.64, 0.523, 1064179.48
2020-11-04T03:23:32Z, 2069036, 0.462, 955894.632, 0.525, 1086243.9
2020-11-04T03:24:04Z, 2089998, 0.461, 963489.078, 0.525, 1097248.95
2020-11-04T03:24:08Z, 2103363, 0.46, 967546.98, 0.527, 1108472.301
2020-11-04T03:25:03Z, 2121972, 0.458, 971863.176, 0.529, 1122523.188
2020-11-04T03:25:22Z, 2149894, 0.456, 980351.664, 0.53, 1139443.82
2020-11-04T03:25:42Z, 2157174, 0.455, 981514.17, 0.531, 1145459.394
2020-11-04T03:25:49Z, 2157291, 0.455, 981567.405, 0.531, 1145521.521
2020-11-04T03:26:39Z, 2157589, 0.455, 981702.995, 0.531, 1145679.759
2020-11-04T03:27:01Z, 2183708, 0.452, 987036.016, 0.534, 1166100.072
2020-11-04T03:28:55Z, 2187823, 0.453, 991083.819, 0.534, 1168297.482
2020-11-04T03:29:15Z, 2187933, 0.453, 991133.649, 0.534, 1168356.222
2020-11-04T03:29:30Z, 2188865, 0.453, 991555.845, 0.534, 1168853.91
2020-11-04T03:31:51Z, 2192763, 0.452, 991128.876, 0.534, 1170935.442
2020-11-04T03:32:03Z, 2227720, 0.449, 1000246.28, 0.537, 1196285.64
2020-11-04T03:33:07Z, 2248627, 0.449, 1009633.523, 0.537, 1207512.699
2020-11-04T03:33:22Z, 2259375, 0.448, 1012200, 0.539, 1217803.125
2020-11-04T03:33:51Z, 2262723, 0.448, 1013699.904, 0.539, 1219607.697
2020-11-04T03:34:13Z, 2266058, 0.447, 1012927.926, 0.539, 1221405.262
2020-11-04T03:34:52Z, 2266135, 0.447, 1012962.345, 0.539, 1221446.765
2020-11-04T03:35:09Z, 2285181, 0.448, 1023761.088, 0.538, 1229427.378
2020-11-04T03:36:12Z, 2285961, 0.448, 1024110.528, 0.539, 1232132.979
2020-11-04T03:37:38Z, 2286231, 0.448, 1024231.488, 0.538, 1229992.278
2020-11-04T03:37:58Z, 2312729, 0.445, 1029164.405, 0.541, 1251186.389
2020-11-04T03:38:24Z, 2313842, 0.445, 1029659.69, 0.541, 1251788.522
2020-11-04T03:39:04Z, 2323495, 0.444, 1031631.78, 0.542, 1259334.29
2020-11-04T03:40:05Z, 2330913, 0.444, 1034925.372, 0.542, 1263354.846
2020-11-04T03:40:27Z, 2354114, 0.443, 1042872.502, 0.543, 1278283.902
2020-11-04T03:42:23Z, 2358634, 0.442, 1042516.228, 0.544, 1283096.896
2020-11-04T03:43:29Z, 2371221, 0.441, 1045708.461, 0.545, 1292315.445
2020-11-04T03:43:53Z, 2380457, 0.44, 1047401.08, 0.546, 1299729.522
2020-11-04T03:44:05Z, 2386752, 0.439, 1047784.128, 0.547, 1305553.344
2020-11-04T03:47:08Z, 2531951, 0.43, 1088738.93, 0.556, 1407764.756
2020-11-04T03:47:19Z, 2585864, 0.427, 1104163.928, 0.559, 1445497.976
2020-11-04T03:48:29Z, 2611528, 0.427, 1115122.456, 0.559, 1459844.152
2020-11-04T03:49:23Z, 2676917, 0.431, 1153751.227, 0.556, 1488365.852
2020-11-04T03:50:55Z, 2729932, 0.428, 1168410.896, 0.558, 1523302.056
2020-11-04T03:51:30Z, 2737215, 0.428, 1171528.02, 0.559, 1530103.185
2020-11-04T03:52:23Z, 2772949, 0.425, 1178503.325, 0.561, 1555624.389
2020-11-04T03:52:29Z, 2778698, 0.425, 1180946.65, 0.562, 1561628.276
2020-11-04T03:53:39Z, 2828002, 0.421, 1190588.842, 0.565, 1597821.13
2020-11-04T03:55:27Z, 2877026, 0.418, 1202596.868, 0.568, 1634150.768
2020-11-04T03:56:56Z, 2885411, 0.417, 1203216.387, 0.567, 1636028.037
2020-11-04T03:57:17Z, 2896251, 0.416, 1204840.416, 0.568, 1645070.568
2020-11-04T03:57:47Z, 2896288, 0.416, 1204855.808, 0.568, 1645091.584
2020-11-04T03:58:17Z, 2896335, 0.416, 1204875.36, 0.568, 1645118.28
2020-11-04T03:58:58Z, 2907375, 0.416, 1209468, 0.568, 1651389
2020-11-04T03:59:08Z, 2913293, 0.416, 1211929.888, 0.568, 1654750.424
2020-11-04T03:59:27Z, 2914454, 0.416, 1212412.864, 0.568, 1655409.872
2020-11-04T04:00:36Z, 2915801, 0.415, 1210057.415, 0.568, 1656174.968
2020-11-04T04:01:19Z, 2915947, 0.415, 1210118.005, 0.568, 1656257.896
2020-11-04T04:03:27Z, 2916993, 0.415, 1210552.095, 0.568, 1656852.024
2020-11-04T04:04:18Z, 2966177, 0.421, 1248760.517, 0.565, 1675890.005
2020-11-04T04:04:31Z, 2966466, 0.421, 1248882.186, 0.565, 1676053.29
2020-11-04T04:04:48Z, 2966493, 0.421, 1248893.553, 0.565, 1676068.545
2020-11-04T04:05:49Z, 2976098, 0.42, 1249961.16, 0.566, 1684471.468
2020-11-04T04:06:51Z, 2983712, 0.42, 1253159.04, 0.566, 1688780.992
2020-11-04T04:07:43Z, 2984468, 0.42, 1253476.56, 0.566, 1689208.888
2020-11-04T04:08:51Z, 2984522, 0.426, 1271406.372, 0.56, 1671332.32
2020-11-04T04:10:32Z, 3003186, 0.425, 1276354.05, 0.561, 1684787.346
2020-11-04T04:11:10Z, 3009814, 0.425, 1279170.95, 0.561, 1688505.654
2020-11-04T04:12:11Z, 3013351, 0.424, 1277660.824, 0.562, 1693503.262
2020-11-04T04:13:30Z, 3013688, 0.424, 1277803.712, 0.562, 1693692.656
2020-11-04T04:13:45Z, 3013968, 0.424, 1277922.432, 0.562, 1693850.016
2020-11-04T04:14:30Z, 3104080, 0.433, 1344066.64, 0.553, 1716556.24
2020-11-04T04:15:54Z, 3104353, 0.433, 1344184.849, 0.553, 1716707.209
2020-11-04T04:17:12Z, 3144323, 0.432, 1358347.536, 0.554, 1741954.942
2020-11-04T04:18:46Z, 3146111, 0.432, 1359119.952, 0.554, 1742945.494
2020-11-04T04:18:49Z, 3159521, 0.432, 1364913.072, 0.554, 1750374.634
2020-11-04T04:19:42Z, 3218511, 0.428, 1377522.708, 0.558, 1795929.138
2020-11-04T04:23:32Z, 3238203, 0.429, 1389189.087, 0.557, 1803679.071
2020-11-04T04:24:59Z, 3262990, 0.427, 1393296.73, 0.559, 1824011.41
2020-11-04T04:27:30Z, 3272922, 0.426, 1394264.772, 0.56, 1832836.32
2020-11-04T04:29:23Z, 3322292, 0.426, 1415296.392, 0.56, 1860483.52
2020-11-04T04:29:46Z, 3344760, 0.426, 1424867.76, 0.56, 1873065.6
2020-11-04T04:30:46Z, 3399734, 0.422, 1434687.748, 0.564, 1917449.976
2020-11-04T04:31:14Z, 3399767, 0.422, 1434701.674, 0.564, 1917468.588
2020-11-04T04:32:05Z, 3425968, 0.422, 1445758.496, 0.564, 1932245.952
2020-11-04T04:33:23Z, 3446887, 0.421, 1451139.427, 0.565, 1947491.155
2020-11-04T04:34:24Z, 3466277, 0.42, 1455836.34, 0.566, 1961912.782
2020-11-04T04:35:18Z, 3468829, 0.42, 1456908.18, 0.566, 1963357.214
2020-11-04T04:37:49Z, 3483194, 0.419, 1459458.286, 0.567, 1974970.998
2020-11-04T04:38:24Z, 3540736, 0.424, 1501272.064, 0.562, 1989893.632
2020-11-04T04:40:29Z, 3541152, 0.424, 1501448.448, 0.562, 1990127.424
2020-11-04T04:40:51Z, 3577217, 0.422, 1509585.574, 0.564, 2017550.388
2020-11-04T04:41:05Z, 3578824, 0.422, 1510263.728, 0.564, 2018456.736
2020-11-04T04:41:32Z, 3581545, 0.422, 1511411.99, 0.564, 2019991.38
2020-11-04T04:41:57Z, 3583429, 0.421, 1508623.609, 0.564, 2021053.956
2020-11-04T04:44:27Z, 3592000, 0.421, 1512232, 0.565, 2029480
2020-11-04T04:45:42Z, 3592041, 0.421, 1512249.261, 0.565, 2029503.165
2020-11-04T04:49:39Z, 3598877, 0.421, 1515127.217, 0.565, 2033365.505
2020-11-04T04:50:17Z, 3598956, 0.421, 1515160.476, 0.565, 2033410.14
2020-11-04T04:53:13Z, 3610057, 0.421, 1519833.997, 0.565, 2039682.205
2020-11-04T04:54:33Z, 3629219, 0.421, 1527901.199, 0.565, 2050508.735
2020-11-04T04:57:06Z, 3633912, 0.421, 1529876.952, 0.565, 2053160.28
2020-11-04T04:59:23Z, 3726434, 0.419, 1561375.846, 0.567, 2112888.078
2020-11-04T05:01:57Z, 3751275, 0.419, 1571784.225, 0.567, 2126972.925
2020-11-04T05:02:44Z, 3871116, 0.421, 1629739.836, 0.565, 2187180.54
2020-11-04T05:02:58Z, 3871230, 0.421, 1629787.83, 0.565, 2187244.95
2020-11-04T05:05:30Z, 3893208, 0.42, 1635147.36, 0.566, 2203555.728
2020-11-04T05:08:56Z, 3895326, 0.421, 1639932.246, 0.566, 2204754.516
2020-11-04T05:11:47Z, 3900666, 0.421, 1642180.386, 0.566, 2207776.956
2020-11-04T05:13:56Z, 3928784, 0.42, 1650089.28, 0.566, 2223691.744
2020-11-04T05:14:33Z, 4101882, 0.423, 1735096.086, 0.565, 2317563.33
2020-11-04T05:18:14Z, 4122172, 0.422, 1739556.584, 0.565, 2329027.18
2020-11-04T05:18:39Z, 4122222, 0.422, 1739577.684, 0.565, 2329055.43
2020-11-04T05:20:07Z, 4146280, 0.423, 1753876.44, 0.564, 2338501.92
2020-11-04T05:22:49Z, 4267542, 0.416, 1775297.472, 0.571, 2436766.482
2020-11-04T05:23:34Z, 4295324, 0.418, 1795445.432, 0.569, 2444039.356
2020-11-04T05:23:55Z, 4316112, 0.417, 1799818.704, 0.57, 2460183.84
2020-11-04T05:25:44Z, 4316627, 0.417, 1800033.459, 0.57, 2460477.39
2020-11-04T05:26:57Z, 4364234, 0.417, 1819885.578, 0.57, 2487613.38
2020-11-04T05:27:57Z, 4374537, 0.418, 1828556.466, 0.569, 2489111.553
2020-11-04T05:29:35Z, 4374594, 0.418, 1828580.292, 0.569, 2489143.986
2020-11-04T05:31:41Z, 4375207, 0.418, 1828836.526, 0.569, 2489492.783
2020-11-04T05:37:28Z, 4384931, 0.418, 1832901.158, 0.569, 2495025.739
2020-11-04T05:39:32Z, 4400787, 0.417, 1835128.179, 0.57, 2508448.59
2020-11-04T05:44:51Z, 4401046, 0.417, 1835236.182, 0.57, 2508596.22
2020-11-04T05:49:06Z, 4421413, 0.418, 1848150.634, 0.569, 2515783.997
2020-11-04T05:50:04Z, 4512299, 0.42, 1895165.58, 0.567, 2558473.533
2020-11-04T05:51:01Z, 4563729, 0.419, 1912202.451, 0.568, 2592198.072
2020-11-04T05:52:34Z, 4563780, 0.419, 1912223.82, 0.568, 2592227.04
2020-11-04T05:53:08Z, 4578399, 0.42, 1922927.58, 0.566, 2591373.834
2020-11-04T05:54:28Z, 4578461, 0.42, 1922953.62, 0.566, 2591408.926
2020-11-04T06:03:49Z, 4633092, 0.421, 1950531.732, 0.566, 2622330.072
2020-11-04T06:09:00Z, 4635113, 0.421, 1951382.573, 0.566, 2623473.958
2020-11-04T06:14:04Z, 4635405, 0.421, 1951505.505, 0.566, 2623639.23
2020-11-04T06:15:49Z, 4689829, 0.42, 1969728.18, 0.566, 2654443.214
2020-11-04T06:16:54Z, 4694307, 0.42, 1971608.94, 0.566, 2656977.762
2020-11-04T06:24:52Z, 4708188, 0.42, 1977438.96, 0.567, 2669542.596
2020-11-04T06:26:49Z, 4749820, 0.42, 1994924.4, 0.567, 2693147.94
2020-11-04T06:38:36Z, 4769839, 0.421, 2008102.219, 0.566, 2699728.874
2020-11-04T06:38:51Z, 4773451, 0.421, 2009622.871, 0.566, 2701773.266
2020-11-04T06:39:13Z, 4773838, 0.421, 2009785.798, 0.566, 2701992.308
2020-11-04T06:40:08Z, 4773965, 0.421, 2009839.265, 0.566, 2702064.19
2020-11-04T06:41:08Z, 4773979, 0.421, 2009845.159, 0.566, 2702072.114
2020-11-04T06:44:50Z, 4847205, 0.421, 2040673.305, 0.565, 2738670.825
2020-11-04T06:54:51Z, 4925826, 0.421, 2073772.746, 0.565, 2783091.69
2020-11-04T06:55:17Z, 4925991, 0.421, 2073842.211, 0.565, 2783184.915
2020-11-04T06:58:51Z, 4925997, 0.421, 2073844.737, 0.565, 2783188.305
2020-11-04T07:02:53Z, 4966035, 0.422, 2095666.77, 0.565, 2805809.775
2020-11-04T07:03:49Z, 4966934, 0.422, 2096046.148, 0.565, 2806317.71
2020-11-04T07:05:16Z, 5069377, 0.424, 2149415.848, 0.562, 2848989.874
2020-11-04T07:06:51Z, 5080760, 0.425, 2159323, 0.562, 2855387.12
2020-11-04T07:08:49Z, 5085092, 0.424, 2156079.008, 0.562, 2857821.704
2020-11-04T07:18:51Z, 5095009, 0.425, 2165378.825, 0.562, 2863395.058
2020-11-04T07:20:53Z, 5112421, 0.425, 2172778.925, 0.561, 2868068.181
2020-11-04T07:22:51Z, 5163464, 0.427, 2204799.128, 0.56, 2891539.84
2020-11-04T07:24:42Z, 5164220, 0.427, 2205121.94, 0.56, 2891963.2
2020-11-04T07:26:53Z, 5230879, 0.427, 2233585.333, 0.56, 2929292.24
2020-11-04T07:31:27Z, 5300691, 0.43, 2279297.13, 0.556, 2947184.196
2020-11-04T07:32:50Z, 5308695, 0.43, 2282738.85, 0.556, 2951634.42
2020-11-04T07:40:51Z, 5310589, 0.43, 2283553.27, 0.557, 2957998.073
2020-11-04T07:41:48Z, 5312319, 0.43, 2284297.17, 0.557, 2958961.683
2020-11-04T08:12:51Z, 5321770, 0.43, 2288361.1, 0.557, 2964225.89
2020-11-04T08:13:48Z, 5323770, 0.43, 2289221.1, 0.557, 2965339.89
2020-11-04T10:54:36Z, 5327352, 0.43, 2290761.36, 0.557, 2967335.064
2020-11-04T10:54:40Z, 5392682, 0.436, 2351209.352, 0.551, 2971367.782
2020-11-04T14:16:51Z, 5397262, 0.436, 2353206.232, 0.55, 2968494.1
2020-11-04T14:24:56Z, 5436823, 0.439, 2386765.297, 0.548, 2979379.004
2020-11-04T14:54:50Z, 5436911, 0.439, 2386803.929, 0.548, 2979427.228
2020-11-04T15:00:52Z, 5441186, 0.439, 2388680.654, 0.547, 2976328.742
2020-11-04T15:22:18Z, 5485791, 0.443, 2430205.413, 0.543, 2978784.513
2020-11-04T15:40:52Z, 5568345, 0.445, 2477913.525, 0.542, 3018042.99
2020-11-04T15:49:08Z, 5571106, 0.445, 2479142.17, 0.542, 3019539.452
2020-11-04T16:00:51Z, 5575573, 0.445, 2481129.985, 0.542, 3021960.566
2020-11-04T16:02:52Z, 5576129, 0.445, 2481377.405, 0.542, 3022261.918
2020-11-04T16:10:55Z, 5591159, 0.446, 2493656.914, 0.541, 3024817.019
2020-11-04T16:22:49Z, 5625057, 0.448, 2520025.536, 0.539, 3031905.723
2020-11-04T16:30:53Z, 5631378, 0.448, 2522857.344, 0.539, 3035312.742
2020-11-04T16:38:53Z, 5651860, 0.449, 2537685.14, 0.538, 3040700.68
2020-11-04T16:42:54Z, 5665209, 0.449, 2543678.841, 0.537, 3042217.233
2020-11-04T16:50:51Z, 5665239, 0.449, 2543692.311, 0.537, 3042233.343
2020-11-04T16:52:53Z, 5675908, 0.45, 2554158.6, 0.537, 3047962.596
2020-11-04T16:56:53Z, 5678843, 0.45, 2555479.35, 0.537, 3049538.691
2020-11-04T17:00:58Z, 5680456, 0.45, 2556205.2, 0.537, 3050404.872
2020-11-04T17:04:54Z, 5695849, 0.451, 2568827.899, 0.536, 3052975.064
2020-11-04T17:10:53Z, 5701081, 0.451, 2571187.531, 0.536, 3055779.416
2020-11-04T17:12:53Z, 5716136, 0.452, 2583693.472, 0.535, 3058132.76
2020-11-04T17:16:52Z, 5716355, 0.452, 2583792.46, 0.535, 3058249.925
2020-11-04T17:34:52Z, 5716510, 0.452, 2583862.52, 0.535, 3058332.85
2020-11-04T17:42:53Z, 5727364, 0.452, 2588768.528, 0.534, 3058412.376
2020-11-04T17:58:51Z, 5732130, 0.453, 2596654.89, 0.534, 3060957.42
2020-11-04T17:59:51Z, 5732144, 0.453, 2596661.232, 0.534, 3060964.896
2020-11-04T18:18:52Z, 5736898, 0.453, 2598814.794, 0.534, 3063503.532
2020-11-04T18:34:54Z, 5738598, 0.453, 2599584.894, 0.534, 3064411.332
2020-11-04T18:54:21Z, 5739092, 0.453, 2599808.676, 0.534, 3064675.128
2020-11-04T18:57:51Z, 5739112, 0.453, 2599817.736, 0.534, 3064685.808
2020-11-04T18:58:52Z, 5743280, 0.453, 2601705.84, 0.534, 3066911.52
2020-11-04T19:04:59Z, 5743489, 0.453, 2601800.517, 0.534, 3067023.126
2020-11-04T19:16:54Z, 5754044, 0.454, 2612335.976, 0.533, 3066905.452
2020-11-04T19:31:00Z, 5754178, 0.454, 2612396.812, 0.533, 3066976.874
2020-11-04T19:36:52Z, 5759149, 0.454, 2614653.646, 0.533, 3069626.417
2020-11-04T19:42:52Z, 5768295, 0.454, 2618805.93, 0.533, 3074501.235
2020-11-04T19:45:52Z, 5774964, 0.455, 2627608.62, 0.532, 3072280.848
2020-11-04T19:46:52Z, 5775174, 0.455, 2627704.17, 0.532, 3072392.568
2020-11-04T19:56:50Z, 5781660, 0.455, 2630655.3, 0.532, 3075843.12
2020-11-04T19:58:52Z, 5798860, 0.456, 2644280.16, 0.531, 3079194.66
2020-11-04T20:02:52Z, 5799057, 0.456, 2644369.992, 0.531, 3079299.267
2020-11-04T20:06:50Z, 5810755, 0.456, 2649704.28, 0.531, 3085510.905
2020-11-04T20:08:53Z, 5827555, 0.457, 2663192.635, 0.53, 3088604.15
2020-11-04T20:10:52Z, 5851452, 0.459, 2685816.468, 0.528, 3089566.656
2020-11-04T20:13:11Z, 5859044, 0.46, 2695160.24, 0.528, 3093575.232
2020-11-04T20:18:56Z, 5875258, 0.461, 2708493.938, 0.527, 3096260.966
2020-11-04T20:34:51Z, 5890538, 0.461, 2715538.018, 0.526, 3098422.988
2020-11-04T20:36:53Z, 5890798, 0.461, 2715657.878, 0.526, 3098559.748
2020-11-04T20:45:58Z, 5915452, 0.463, 2738854.276, 0.524, 3099696.848
2020-11-04T20:49:00Z, 5920844, 0.464, 2747271.616, 0.523, 3096601.412
2020-11-04T20:52:50Z, 5920979, 0.464, 2747334.256, 0.523, 3096672.017
2020-11-04T20:56:53Z, 5929739, 0.464, 2751398.896, 0.523, 3101253.497
2020-11-04T21:02:54Z, 5942166, 0.465, 2763107.19, 0.522, 3101810.652
2020-11-04T21:14:51Z, 5944790, 0.465, 2764327.35, 0.522, 3103180.38
2020-11-04T21:16:54Z, 5965263, 0.465, 2773847.295, 0.522, 3113867.286
2020-11-04T21:20:53Z, 5965561, 0.465, 2773985.865, 0.522, 3114022.842
2020-11-04T21:23:11Z, 5989005, 0.467, 2796865.335, 0.52, 3114282.6
2020-11-04T21:26:52Z, 5993159, 0.467, 2798805.253, 0.52, 3116442.68
2020-11-04T21:39:54Z, 5994046, 0.467, 2799219.482, 0.52, 3116903.92
2020-11-04T21:44:52Z, 5997324, 0.467, 2800750.308, 0.52, 3118608.48
2020-11-04T22:01:43Z, 6007751, 0.468, 2811627.468, 0.52, 3124030.52
2020-11-04T22:03:40Z, 6016906, 0.468, 2815912.008, 0.519, 3122774.214
2020-11-04T22:04:30Z, 6019273, 0.468, 2817019.764, 0.519, 3124002.687
2020-11-04T22:07:16Z, 6020536, 0.468, 2817610.848, 0.519, 3124658.184
2020-11-04T22:09:56Z, 6021329, 0.468, 2817981.972, 0.519, 3125069.751
2020-11-04T22:12:53Z, 6021665, 0.468, 2818139.22, 0.519, 3125244.135
2020-11-04T22:18:53Z, 6028585, 0.469, 2827406.365, 0.519, 3128835.615
2020-11-04T22:19:53Z, 6030891, 0.468, 2822456.988, 0.519, 3130032.429
2020-11-04T22:36:54Z, 6041418, 0.469, 2833425.042, 0.518, 3129454.524
2020-11-04T22:38:51Z, 6044744, 0.469, 2834984.936, 0.518, 3131177.392
2020-11-04T22:41:51Z, 6055413, 0.47, 2846044.11, 0.518, 3136703.934
2020-11-04T22:42:49Z, 6057779, 0.469, 2841098.351, 0.518, 3137929.522
2020-11-04T22:52:52Z, 6059144, 0.469, 2841738.536, 0.518, 3138636.592
2020-11-04T22:54:49Z, 6068493, 0.47, 2852191.71, 0.517, 3137410.881
2020-11-04T22:56:52Z, 6086774, 0.471, 2866870.554, 0.516, 3140775.384
2020-11-04T23:08:51Z, 6094579, 0.471, 2870546.709, 0.516, 3144802.764
2020-11-04T23:12:52Z, 6104416, 0.472, 2881284.352, 0.516, 3149878.656
2020-11-04T23:14:52Z, 6108995, 0.472, 2883445.64, 0.515, 3146132.425
2020-11-04T23:18:51Z, 6111185, 0.472, 2884479.32, 0.515, 3147260.275
2020-11-04T23:24:51Z, 6114382, 0.472, 2885988.304, 0.515, 3148906.73
2020-11-04T23:37:49Z, 6117742, 0.472, 2887574.224, 0.515, 3150637.13
2020-11-04T23:42:53Z, 6118161, 0.472, 2887771.992, 0.515, 3150852.915
2020-11-04T23:48:53Z, 6138839, 0.473, 2903670.847, 0.514, 3155363.246
2020-11-05T00:02:52Z, 6156210, 0.474, 2918043.54, 0.514, 3164291.94
2020-11-05T00:12:49Z, 6158220, 0.474, 2918996.28, 0.514, 3165325.08
2020-11-05T00:20:52Z, 6158532, 0.474, 2919144.168, 0.514, 3165485.448
2020-11-05T00:22:55Z, 6192278, 0.475, 2941332.05, 0.513, 3176638.614
2020-11-05T00:28:52Z, 6192283, 0.475, 2941334.425, 0.513, 3176641.179
2020-11-05T00:34:29Z, 6202692, 0.475, 2946278.7, 0.512, 3175778.304
2020-11-05T00:35:50Z, 6203291, 0.475, 2946563.225, 0.512, 3176084.992
2020-11-05T00:36:50Z, 6214990, 0.476, 2958335.24, 0.512, 3182074.88
2020-11-05T00:37:49Z, 6235328, 0.477, 2974251.456, 0.511, 3186252.608
2020-11-05T00:39:58Z, 6236205, 0.477, 2974669.785, 0.511, 3186700.755
2020-11-05T00:46:50Z, 6244104, 0.477, 2978437.608, 0.51, 3184493.04
2020-11-05T00:50:52Z, 6260716, 0.477, 2986361.532, 0.51, 3192965.16
2020-11-05T01:00:53Z, 6260933, 0.477, 2986465.041, 0.51, 3193075.83
2020-11-05T01:03:50Z, 6266545, 0.478, 2995408.51, 0.51, 3195937.95
2020-11-05T01:20:52Z, 6277135, 0.478, 3000470.53, 0.509, 3195061.715
2020-11-05T02:01:53Z, 6286548, 0.478, 3004969.944, 0.509, 3199852.932
2020-11-05T02:06:44Z, 6286988, 0.478, 3005180.264, 0.509, 3200076.892
2020-11-05T02:18:57Z, 6288273, 0.478, 3005794.494, 0.509, 3200730.957
2020-11-05T02:44:56Z, 6298446, 0.479, 3016955.634, 0.508, 3199610.568
2020-11-05T03:15:51Z, 6302995, 0.479, 3019134.605, 0.508, 3201921.46
2020-11-05T03:50:46Z, 6308738, 0.479, 3021885.502, 0.508, 3204838.904
2020-11-05T03:53:43Z, 6310056, 0.479, 3022516.824, 0.508, 3205508.448
2020-11-05T03:57:43Z, 6310521, 0.479, 3022739.559, 0.508, 3205744.668
2020-11-05T04:04:21Z, 6339381, 0.48, 3042902.88, 0.507, 3214066.167
2020-11-05T04:09:54Z, 6348708, 0.481, 3053728.548, 0.507, 3218794.956
2020-11-05T13:54:50Z, 6350453, 0.481, 3054567.893, 0.507, 3219679.671
2020-11-05T13:58:46Z, 6351124, 0.481, 3054890.644, 0.507, 3220019.868
2020-11-05T14:04:26Z, 6371807, 0.482, 3071210.974, 0.505, 3217762.535
2020-11-05T14:08:57Z, 6381341, 0.482, 3075806.362, 0.505, 3222577.205
2020-11-05T14:34:58Z, 6395065, 0.483, 3088816.395, 0.504, 3223112.76
2020-11-05T15:10:56Z, 6395065, 0.483, 3088816.395, 0.504, 3223112.76
2020-11-05T15:11:46Z, 6395168, 0.483, 3088866.144, 0.504, 3223164.672
2020-11-05T15:22:47Z, 6395722, 0.483, 3089133.726, 0.504, 3223443.888
2020-11-05T15:59:43Z, 6395795, 0.483, 3089168.985, 0.504, 3223480.68
2020-11-05T16:42:46Z, 6400302, 0.483, 3091345.866, 0.504, 3225752.208
2020-11-05T16:48:32Z, 6413416, 0.484, 3104093.344, 0.503, 3225948.248
2020-11-05T16:56:47Z, 6413483, 0.484, 3104125.772, 0.503, 3225981.949
2020-11-05T16:58:46Z, 6421676, 0.485, 3114512.86, 0.503, 3230103.028
2020-11-05T17:16:46Z, 6424399, 0.485, 3115833.515, 0.503, 3231472.697
2020-11-05T17:18:46Z, 6424679, 0.485, 3115969.315, 0.503, 3231613.537
2020-11-05T18:12:45Z, 6427755, 0.485, 3117461.175, 0.503, 3233160.765
2020-11-05T18:18:46Z, 6430206, 0.485, 3118649.91, 0.502, 3227963.412
2020-11-05T19:08:56Z, 6434721, 0.485, 3120839.685, 0.502, 3230229.942
2020-11-05T19:30:40Z, 6438947, 0.485, 3122889.295, 0.502, 3232351.394
2020-11-05T19:32:40Z, 6441717, 0.485, 3124232.745, 0.502, 3233741.934
2020-11-05T19:36:41Z, 6442296, 0.485, 3124513.56, 0.502, 3234032.592
2020-11-05T19:55:33Z, 6443127, 0.485, 3124916.595, 0.502, 3234449.754
2020-11-05T19:56:39Z, 6443732, 0.485, 3125210.02, 0.502, 3234753.464
2020-11-05T19:58:40Z, 6446158, 0.485, 3126386.63, 0.502, 3235971.316
2020-11-05T20:14:40Z, 6446192, 0.485, 3126403.12, 0.502, 3235988.384
2020-11-05T20:32:40Z, 6447134, 0.485, 3126859.99, 0.502, 3236461.268
2020-11-05T20:40:41Z, 6449426, 0.485, 3127971.61, 0.502, 3237611.852
2020-11-05T20:44:39Z, 6451620, 0.485, 3129035.7, 0.502, 3238713.24
2020-11-05T21:03:39Z, 6458803, 0.486, 3138978.258, 0.501, 3235860.303
2020-11-05T21:04:40Z, 6465366, 0.486, 3142167.876, 0.501, 3239148.366
2020-11-05T21:20:41Z, 6465452, 0.486, 3142209.672, 0.501, 3239191.452
2020-11-05T21:22:41Z, 6467282, 0.486, 3143099.052, 0.501, 3240108.282
2020-11-05T21:38:40Z, 6467526, 0.486, 3143217.636, 0.501, 3240230.526
2020-11-05T21:40:40Z, 6473853, 0.486, 3146292.558, 0.501, 3243400.353
2020-11-05T21:44:40Z, 6473918, 0.486, 3146324.148, 0.501, 3243432.918
2020-11-05T21:48:40Z, 6478349, 0.486, 3148477.614, 0.501, 3245652.849
2020-11-05T21:52:40Z, 6487875, 0.487, 3159595.125, 0.501, 3250425.375
2020-11-05T22:06:40Z, 6487887, 0.487, 3159600.969, 0.501, 3250431.387
2020-11-05T22:44:44Z, 6489220, 0.487, 3160250.14, 0.501, 3251099.22
2020-11-05T22:46:56Z, 6494639, 0.487, 3162889.193, 0.501, 3253814.139
2020-11-05T22:52:41Z, 6525078, 0.488, 3184238.064, 0.5, 3262539
2020-11-05T23:14:13Z, 6525483, 0.488, 3184435.704, 0.5, 3262741.5
2020-11-05T23:26:53Z, 6529899, 0.488, 3186590.712, 0.499, 3258419.601
2020-11-05T23:46:41Z, 6534533, 0.488, 3188852.104, 0.499, 3260731.967
2020-11-05T23:52:44Z, 6534738, 0.488, 3188952.144, 0.499, 3260834.262
2020-11-06T00:08:34Z, 6547218, 0.489, 3201589.602, 0.499, 3267061.782
2020-11-06T00:12:10Z, 6547337, 0.489, 3201647.793, 0.499, 3267121.163
2020-11-06T00:20:12Z, 6547763, 0.489, 3201856.107, 0.498, 3260785.974
2020-11-06T00:52:34Z, 6548699, 0.489, 3202313.811, 0.498, 3261252.102
2020-11-06T01:20:41Z, 6557566, 0.489, 3206649.774, 0.498, 3265667.868
2020-11-06T01:24:38Z, 6561696, 0.489, 3208669.344, 0.498, 3267724.608
2020-11-06T01:32:40Z, 6571671, 0.49, 3220118.79, 0.498, 3272692.158
2020-11-06T01:50:36Z, 6579145, 0.49, 3223781.05, 0.497, 3269835.065
2020-11-06T02:04:35Z, 6580387, 0.49, 3224389.63, 0.497, 3270452.339
2020-11-06T02:06:34Z, 6583180, 0.49, 3225758.2, 0.497, 3271840.46
2020-11-06T02:34:40Z, 6598330, 0.49, 3233181.7, 0.497, 3279370.01
2020-11-06T03:12:40Z, 6600761, 0.49, 3234372.89, 0.497, 3280578.217
2020-11-06T03:32:40Z, 6608807, 0.491, 3244924.237, 0.496, 3277968.272
2020-11-06T03:42:34Z, 6622716, 0.492, 3258376.272, 0.496, 3284867.136
2020-11-06T04:28:44Z, 6626581, 0.492, 3260277.852, 0.495, 3280157.595
2020-11-06T04:50:41Z, 6627835, 0.492, 3260894.82, 0.495, 3280778.325
2020-11-06T04:58:43Z, 6633384, 0.492, 3263624.928, 0.495, 3283525.08
2020-11-06T06:30:10Z, 6639262, 0.492, 3266516.904, 0.495, 3286434.69
2020-11-06T12:22:44Z, 6638982, 0.492, 3266379.144, 0.495, 3286296.09
2020-11-06T12:40:29Z, 6638983, 0.492, 3266379.636, 0.495, 3286296.585
2020-11-06T12:42:12Z, 6639009, 0.492, 3266392.428, 0.495, 3286309.455
2020-11-06T13:49:46Z, 6670421, 0.494, 3295187.974, 0.493, 3288517.553
2020-11-06T14:52:40Z, 6670727, 0.494, 3295339.138, 0.493, 3288668.411
2020-11-06T14:56:39Z, 6673676, 0.494, 3296795.944, 0.493, 3290122.268
2020-11-06T15:05:37Z, 6673812, 0.494, 3296863.128, 0.493, 3290189.316
2020-11-06T15:22:46Z, 6673827, 0.494, 3296870.538, 0.493, 3290196.711
2020-11-06T15:25:21Z, 6673851, 0.494, 3296882.394, 0.493, 3290208.543
2020-11-06T16:02:45Z, 6673915, 0.494, 3296914.01, 0.493, 3290240.095
2020-11-06T16:14:41Z, 6678806, 0.494, 3299330.164, 0.493, 3292651.358
2020-11-06T16:38:40Z, 6679106, 0.494, 3299478.364, 0.493, 3292799.258
2020-11-06T17:02:40Z, 6681723, 0.494, 3300771.162, 0.493, 3294089.439
2020-11-06T17:52:39Z, 6688707, 0.495, 3310909.965, 0.493, 3297532.551
2020-11-06T18:22:39Z, 6692850, 0.495, 3312960.75, 0.493, 3299575.05
2020-11-06T18:38:40Z, 6692868, 0.495, 3312969.66, 0.493, 3299583.924
2020-11-06T18:52:41Z, 6693045, 0.495, 3313057.275, 0.493, 3299671.185
2020-11-06T19:00:40Z, 6693437, 0.495, 3313251.315, 0.493, 3299864.441
2020-11-06T19:08:39Z, 6694914, 0.495, 3313982.43, 0.493, 3300592.602
2020-11-06T19:13:03Z, 6694944, 0.495, 3313997.28, 0.493, 3300607.392
2020-11-06T19:16:22Z, 6695327, 0.495, 3314186.865, 0.493, 3300796.211
2020-11-06T20:14:41Z, 6695582, 0.495, 3314313.09, 0.493, 3300921.926
2020-11-06T20:26:42Z, 6695586, 0.495, 3314315.07, 0.493, 3300923.898
2020-11-06T20:45:39Z, 6695772, 0.495, 3314407.14, 0.493, 3301015.596
2020-11-06T20:50:40Z, 6696065, 0.495, 3314552.175, 0.493, 3301160.045
2020-11-06T20:56:40Z, 6696367, 0.495, 3314701.665, 0.493, 3301308.931
2020-11-06T20:57:38Z, 6699030, 0.495, 3316019.85, 0.493, 3302621.79
2020-11-06T21:05:09Z, 6701100, 0.495, 3317044.5, 0.493, 3303642.3
2020-11-06T21:10:40Z, 6701213, 0.495, 3317100.435, 0.493, 3303698.009
2020-11-06T21:16:40Z, 6701224, 0.495, 3317105.88, 0.493, 3303703.432
2020-11-06T21:21:40Z, 6701431, 0.495, 3317208.345, 0.493, 3303805.483
2020-11-06T21:24:40Z, 6701439, 0.495, 3317212.305, 0.493, 3303809.427
2020-11-06T21:25:07Z, 6701438, 0.495, 3317211.81, 0.493, 3303808.934
2020-11-06T21:32:40Z, 6701440, 0.495, 3317212.8, 0.493, 3303809.92
2020-11-06T21:36:40Z, 6701967, 0.495, 3317473.665, 0.493, 3304069.731
2020-11-06T22:00:40Z, 6702052, 0.495, 3317515.74, 0.493, 3304111.636
2020-11-06T22:10:39Z, 6702091, 0.495, 3317535.045, 0.493, 3304130.863
2020-11-06T22:22:40Z, 6702454, 0.495, 3317714.73, 0.493, 3304309.822
2020-11-06T22:34:39Z, 6702516, 0.495, 3317745.42, 0.493, 3304340.388
2020-11-06T23:24:40Z, 6704217, 0.495, 3318587.415, 0.493, 3305178.981
2020-11-06T23:38:39Z, 6704760, 0.495, 3318856.2, 0.492, 3298741.92
2020-11-06T23:39:22Z, 6707052, 0.495, 3319990.74, 0.492, 3299869.584
2020-11-06T23:40:51Z, 6708095, 0.495, 3320507.025, 0.492, 3300382.74
2020-11-06T23:48:40Z, 6708532, 0.495, 3320723.34, 0.492, 3300597.744
2020-11-07T00:09:47Z, 6711274, 0.495, 3322080.63, 0.492, 3301946.808
2020-11-07T00:10:39Z, 6714029, 0.495, 3323444.355, 0.492, 3303302.268
2020-11-07T00:59:09Z, 6714234, 0.495, 3323545.83, 0.492, 3303403.128
2020-11-07T01:40:46Z, 6716992, 0.495, 3324911.04, 0.492, 3304760.064
2020-11-07T01:42:20Z, 6719069, 0.495, 3325939.155, 0.492, 3305781.948
2020-11-07T01:46:12Z, 6719418, 0.495, 3326111.91, 0.492, 3305953.656
2020-11-07T02:40:18Z, 6728674, 0.496, 3337422.304, 0.492, 3310507.608
2020-11-07T03:40:45Z, 6731875, 0.496, 3339010, 0.491, 3305350.625
2020-11-07T16:21:38Z, 6734725, 0.496, 3340423.6, 0.491, 3306749.975
2020-11-07T16:26:03Z, 6734725, 0.496, 3340423.6, 0.491, 3306749.975
2020-11-07T16:27:37Z, 6741948, 0.496, 3344006.208, 0.491, 3310296.468
2020-11-07T16:28:40Z, 6744205, 0.496, 3345125.68, 0.491, 3311404.655
2020-11-07T20:23:01Z, 6746143, 0.496, 3346086.928, 0.491, 3312356.213
2020-11-07T20:58:53Z, 6748568, 0.496, 3347289.728, 0.491, 3313546.888
2020-11-07T23:04:43Z, 6749175, 0.496, 3347590.8, 0.491, 3313844.925
2020-11-08T15:00:48Z, 6751258, 0.497, 3355375.226, 0.491, 3314867.678
2020-11-08T15:02:40Z, 6754339, 0.497, 3356906.483, 0.491, 3316380.449
2020-11-08T18:18:45Z, 6755194, 0.497, 3357331.418, 0.491, 3316800.254
2020-11-08T18:36:39Z, 6756903, 0.497, 3358180.791, 0.491, 3317639.373
2020-11-08T19:58:46Z, 6758279, 0.497, 3358864.663, 0.49, 3311556.71
2020-11-08T21:04:41Z, 6760137, 0.497, 3359788.089, 0.49, 3312467.13
2020-11-09T13:07:53Z, 6765139, 0.497, 3362274.083, 0.49, 3314918.11
2020-11-09T14:42:41Z, 6765191, 0.497, 3362299.927, 0.49, 3314943.59
2020-11-09T15:50:40Z, 6765194, 0.497, 3362301.418, 0.49, 3314945.06
2020-11-09T16:18:39Z, 6765221, 0.497, 3362314.837, 0.49, 3314958.29
2020-11-09T17:04:40Z, 6765288, 0.497, 3362348.136, 0.49, 3314991.12
2020-11-09T18:18:42Z, 6765632, 0.497, 3362519.104, 0.49, 3315159.68
2020-11-09T18:32:40Z, 6765653, 0.497, 3362529.541, 0.49, 3315169.97
2020-11-09T18:50:40Z, 6766343, 0.497, 3362872.471, 0.49, 3315508.07
2020-11-09T19:29:23Z, 6766670, 0.497, 3363034.99, 0.49, 3315668.3
2020-11-09T19:29:39Z, 6767119, 0.497, 3363258.143, 0.49, 3315888.31
2020-11-09T20:16:44Z, 6767261, 0.497, 3363328.717, 0.49, 3315957.89
2020-11-09T20:58:40Z, 6767438, 0.497, 3363416.686, 0.49, 3316044.62
2020-11-09T20:59:38Z, 6767443, 0.497, 3363419.171, 0.49, 3316047.07
2020-11-09T21:28:44Z, 6768832, 0.497, 3364109.504, 0.49, 3316727.68
2020-11-09T21:32:40Z, 6769148, 0.497, 3364266.556, 0.49, 3316882.52
2020-11-09T22:12:42Z, 6770296, 0.497, 3364837.112, 0.49, 3317445.04
2020-11-09T23:31:38Z, 6771775, 0.497, 3365572.175, 0.49, 3318169.75
2020-11-10T01:36:03Z, 6772357, 0.497, 3365861.429, 0.49, 3318454.93
2020-11-10T02:15:22Z, 6772846, 0.497, 3366104.462, 0.49, 3318694.54
