Timestamp, TotalVotes, BidenVoterShare, BidenVotes, TrumpVoterShare, TrumpVotes
2020-11-04T10:02:04Z, 0, 0, 0, 0, 0
2020-11-04T02:14:29Z, 1095, 0.725, 793.875, 0.256, 280.32
2020-11-04T02:18:58Z, 9001, 0.362, 3258.362, 0.619, 5571.619
2020-11-04T02:23:05Z, 43641, 0.624, 27231.984, 0.359, 15667.119
2020-11-04T02:24:58Z, 109676, 0.441, 48367.116, 0.543, 59554.068
2020-11-04T02:27:50Z, 116441, 0.433, 50418.953, 0.55, 64042.55
2020-11-04T02:27:56Z, 138795, 0.487, 67593.165, 0.496, 68842.32
2020-11-04T02:28:29Z, 139671, 0.486, 67880.106, 0.498, 69556.158
2020-11-04T02:29:02Z, 213227, 0.508, 108319.316, 0.474, 101069.598
2020-11-04T02:30:00Z, 279037, 0.489, 136449.093, 0.492, 137286.204
2020-11-04T02:32:26Z, 281229, 0.488, 137239.752, 0.493, 138645.897
2020-11-04T02:34:02Z, 316869, 0.471, 149245.299, 0.509, 161286.321
2020-11-04T02:34:40Z, 352596, 0.504, 177708.384, 0.477, 168188.292
2020-11-04T02:35:06Z, 353826, 0.504, 178328.304, 0.477, 168775.002
2020-11-04T02:36:25Z, 359150, 0.502, 180293.3, 0.48, 172392
2020-11-04T02:37:36Z, 359709, 0.501, 180214.209, 0.48, 172660.32
2020-11-04T02:38:19Z, 376689, 0.499, 187967.811, 0.482, 181564.098
2020-11-04T02:39:00Z, 393072, 0.495, 194570.64, 0.486, 191032.992
2020-11-04T02:42:35Z, 468775, 0.512, 240012.8, 0.469, 219855.475
2020-11-04T02:43:50Z, 511953, 0.504, 258024.312, 0.477, 244201.581
2020-11-04T02:44:16Z, 512037, 0.504, 258066.648, 0.477, 244241.649
2020-11-04T02:46:37Z, 555995, 0.483, 268545.585, 0.498, 276885.51
2020-11-04T02:46:58Z, 623182, 0.516, 321561.912, 0.466, 290402.812
2020-11-04T02:47:06Z, 661164, 0.51, 337193.64, 0.473, 312730.572
2020-11-04T02:48:16Z, 661737, 0.509, 336824.133, 0.472, 312339.864
2020-11-04T02:48:52Z, 670482, 0.508, 340604.856, 0.474, 317808.468
2020-11-04T02:49:19Z, 688302, 0.507, 348969.114, 0.474, 326255.148
2020-11-04T02:51:09Z, 730981, 0.5, 365490.5, 0.482, 352332.842
2020-11-04T02:51:39Z, 751724, 0.509, 382627.516, 0.474, 356317.176
2020-11-04T02:52:35Z, 781761, 0.501, 391662.261, 0.482, 376808.802
2020-11-04T02:53:41Z, 819913, 0.496, 406676.848, 0.487, 399297.631
2020-11-04T02:54:34Z, 820289, 0.496, 406863.344, 0.487, 399480.743
2020-11-04T02:55:58Z, 821494, 0.495, 406639.53, 0.487, 400067.578
2020-11-04T02:56:07Z, 844894, 0.495, 418222.53, 0.487, 411463.378
2020-11-04T02:57:10Z, 847690, 0.495, 419606.55, 0.488, 413672.72
2020-11-04T02:57:38Z, 855189, 0.497, 425028.933, 0.485, 414766.665
2020-11-04T02:58:08Z, 915557, 0.488, 446791.816, 0.495, 453200.715
2020-11-04T02:58:29Z, 944136, 0.485, 457905.96, 0.498, 470179.728
2020-11-04T02:59:11Z, 945040, 0.485, 458344.4, 0.498, 470629.92
2020-11-04T02:59:37Z, 983937, 0.478, 470321.886, 0.505, 496888.185
2020-11-04T03:00:20Z, 992552, 0.477, 473447.304, 0.505, 501238.76
2020-11-04T03:01:17Z, 1026828, 0.476, 488770.128, 0.507, 520601.796
2020-11-04T03:03:52Z, 1067172, 0.478, 510108.216, 0.504, 537854.688
2020-11-04T03:04:05Z, 1068544, 0.478, 510764.032, 0.505, 539614.72
2020-11-04T03:06:03Z, 1087928, 0.477, 518941.656, 0.506, 550491.568
2020-11-04T03:06:21Z, 1089047, 0.477, 519475.419, 0.506, 551057.782
2020-11-04T03:09:17Z, 1115492, 0.475, 529858.7, 0.508, 566669.936
2020-11-04T03:10:18Z, 1116936, 0.475, 530544.6, 0.508, 567403.488
2020-11-04T03:10:42Z, 1118820, 0.475, 531439.5, 0.508, 568360.56
2020-11-04T03:11:07Z, 1127793, 0.474, 534573.882, 0.509, 574046.637
2020-11-04T03:11:30Z, 1128436, 0.474, 534878.664, 0.509, 574373.924
2020-11-04T03:13:28Z, 1129435, 0.474, 535352.19, 0.509, 574882.415
2020-11-04T03:14:01Z, 1144057, 0.473, 541138.961, 0.51, 583469.07
2020-11-04T03:14:27Z, 1144934, 0.473, 541553.782, 0.51, 583916.34
2020-11-04T03:15:00Z, 1146504, 0.473, 542296.392, 0.51, 584717.04
2020-11-04T03:16:53Z, 1150829, 0.472, 543191.288, 0.511, 588073.619
2020-11-04T03:22:01Z, 1162185, 0.472, 548551.32, 0.511, 593876.535
2020-11-04T03:24:08Z, 1177333, 0.472, 555701.176, 0.511, 601617.163
2020-11-04T03:27:32Z, 1231243, 0.483, 594690.369, 0.5, 615621.5
2020-11-04T03:28:57Z, 1271741, 0.483, 614250.903, 0.5, 635870.5
2020-11-04T03:30:09Z, 1273241, 0.483, 614975.403, 0.5, 636620.5
2020-11-04T03:30:28Z, 1293950, 0.481, 622389.95, 0.502, 649562.9
2020-11-04T03:30:52Z, 1295948, 0.481, 623350.988, 0.503, 651861.844
2020-11-04T03:35:25Z, 1314342, 0.48, 630884.16, 0.503, 661114.026
2020-11-04T03:37:17Z, 1315928, 0.481, 632961.368, 0.502, 660595.856
2020-11-04T03:39:29Z, 1338972, 0.482, 645384.504, 0.501, 670824.972
2020-11-04T03:44:05Z, 1371871, 0.483, 662613.693, 0.501, 687307.371
2020-11-04T03:44:54Z, 1390806, 0.481, 668977.686, 0.502, 698184.612
2020-11-04T03:46:25Z, 1420086, 0.483, 685901.538, 0.5, 710043
2020-11-04T03:46:46Z, 1433951, 0.484, 694032.284, 0.499, 715541.549
2020-11-04T03:50:10Z, 1441731, 0.483, 696356.073, 0.5, 720865.5
2020-11-04T03:51:23Z, 1445245, 0.483, 698053.335, 0.5, 722622.5
2020-11-04T03:53:26Z, 1469107, 0.481, 706640.467, 0.502, 737491.714
2020-11-04T03:54:07Z, 1469186, 0.481, 706678.466, 0.502, 737531.372
2020-11-04T03:55:00Z, 1473224, 0.481, 708620.744, 0.502, 739558.448
2020-11-04T03:55:27Z, 1474586, 0.481, 709275.866, 0.502, 740242.172
2020-11-04T03:56:12Z, 1483756, 0.48, 712202.88, 0.503, 746329.268
2020-11-04T03:57:47Z, 1485560, 0.479, 711583.24, 0.503, 747236.68
2020-11-04T03:59:40Z, 1512162, 0.485, 733398.57, 0.498, 753056.676
2020-11-04T04:00:08Z, 1512685, 0.485, 733652.225, 0.498, 753317.13
2020-11-04T04:00:47Z, 1526911, 0.483, 737498.013, 0.5, 763455.5
2020-11-04T04:01:02Z, 1532318, 0.483, 740109.594, 0.5, 766159
2020-11-04T04:02:43Z, 1534123, 0.483, 740981.409, 0.5, 767061.5
2020-11-04T04:03:17Z, 1543265, 0.482, 743853.73, 0.501, 773175.765
2020-11-04T04:05:14Z, 1584658, 0.479, 759051.182, 0.504, 798667.632
2020-11-04T04:05:40Z, 1590491, 0.479, 761845.189, 0.504, 801607.464
2020-11-04T04:06:06Z, 1605217, 0.477, 765688.509, 0.506, 812239.802
2020-11-04T04:06:31Z, 1621498, 0.476, 771833.048, 0.507, 822099.486
2020-11-04T04:06:39Z, 1631584, 0.476, 776633.984, 0.507, 827213.088
2020-11-04T04:07:40Z, 1636652, 0.476, 779046.352, 0.507, 829782.564
2020-11-04T04:07:55Z, 1659168, 0.476, 789763.968, 0.507, 841198.176
2020-11-04T04:08:08Z, 1664344, 0.476, 792227.744, 0.507, 843822.408
2020-11-04T04:08:32Z, 1665623, 0.476, 792836.548, 0.507, 844470.861
2020-11-04T04:10:26Z, 1704202, 0.475, 809495.95, 0.508, 865734.616
2020-11-04T04:11:25Z, 1712007, 0.475, 813203.325, 0.508, 869699.556
2020-11-04T04:12:06Z, 1719528, 0.474, 815056.272, 0.509, 875239.752
2020-11-04T04:12:37Z, 1722833, 0.474, 816622.842, 0.509, 876921.997
2020-11-04T04:12:47Z, 1724515, 0.474, 817420.11, 0.509, 877778.135
2020-11-04T04:13:10Z, 1724524, 0.474, 817424.376, 0.509, 877782.716
2020-11-04T04:13:33Z, 1731454, 0.474, 820709.196, 0.509, 881310.086
2020-11-04T04:14:01Z, 1732068, 0.474, 821000.232, 0.509, 881622.612
2020-11-04T04:14:31Z, 1743303, 0.474, 826325.622, 0.509, 887341.227
2020-11-04T04:14:54Z, 1749777, 0.474, 829394.298, 0.509, 890636.493
2020-11-04T04:15:05Z, 1753194, 0.473, 829260.762, 0.51, 894128.94
2020-11-04T04:15:49Z, 1794163, 0.476, 854021.588, 0.508, 911434.804
2020-11-04T04:16:17Z, 1802632, 0.475, 856250.2, 0.508, 915737.056
2020-11-04T04:16:23Z, 1810071, 0.475, 859783.725, 0.508, 919516.068
2020-11-04T04:17:17Z, 1814894, 0.475, 862074.65, 0.508, 921966.152
2020-11-04T04:19:21Z, 1829503, 0.474, 867184.422, 0.509, 931217.027
2020-11-04T04:19:27Z, 1835831, 0.474, 870183.894, 0.509, 934437.979
2020-11-04T04:20:07Z, 1836812, 0.473, 868812.076, 0.51, 936774.12
2020-11-04T04:20:46Z, 1852682, 0.473, 876318.586, 0.51, 944867.82
2020-11-04T04:21:42Z, 1854041, 0.473, 876961.393, 0.51, 945560.91
2020-11-04T04:22:12Z, 1854677, 0.473, 877262.221, 0.51, 945885.27
2020-11-04T04:23:03Z, 1860030, 0.472, 877934.16, 0.511, 950475.33
2020-11-04T04:23:32Z, 1881277, 0.472, 887962.744, 0.512, 963213.824
2020-11-04T04:23:49Z, 1887368, 0.472, 890837.696, 0.511, 964445.048
2020-11-04T04:25:29Z, 1902470, 0.47, 894160.9, 0.513, 975967.11
2020-11-04T04:26:46Z, 1907132, 0.47, 896352.04, 0.513, 978358.716
2020-11-04T04:27:42Z, 1924046, 0.47, 904301.62, 0.513, 987035.598
2020-11-04T04:29:44Z, 1927940, 0.47, 906131.8, 0.513, 989033.22
2020-11-04T04:31:23Z, 1935872, 0.469, 907923.968, 0.514, 995038.208
2020-11-04T04:32:06Z, 1958427, 0.473, 926335.971, 0.51, 998797.77
2020-11-04T04:32:35Z, 1971743, 0.473, 932634.439, 0.51, 1005588.93
2020-11-04T04:34:41Z, 1971746, 0.473, 932635.858, 0.51, 1005590.46
2020-11-04T04:34:47Z, 1989485, 0.472, 939036.92, 0.511, 1016626.835
2020-11-04T04:35:50Z, 1989995, 0.472, 939277.64, 0.511, 1016887.445
2020-11-04T04:36:05Z, 2001023, 0.473, 946483.879, 0.511, 1022522.753
2020-11-04T04:36:47Z, 2021850, 0.472, 954313.2, 0.512, 1035187.2
2020-11-04T04:38:51Z, 2030410, 0.471, 956323.11, 0.513, 1041600.33
2020-11-04T04:39:18Z, 2037298, 0.471, 959567.358, 0.512, 1043096.576
2020-11-04T04:41:08Z, 2038636, 0.471, 960197.556, 0.512, 1043781.632
2020-11-04T04:41:25Z, 2040177, 0.471, 960923.367, 0.512, 1044570.624
2020-11-04T04:41:51Z, 2040182, 0.471, 960925.722, 0.512, 1044573.184
2020-11-04T04:42:09Z, 2042749, 0.471, 962134.779, 0.512, 1045887.488
2020-11-04T04:42:45Z, 2108233, 0.469, 988761.277, 0.514, 1083631.762
2020-11-04T04:43:22Z, 2113207, 0.469, 991094.083, 0.515, 1088301.605
2020-11-04T04:44:00Z, 2121422, 0.469, 994946.918, 0.514, 1090410.908
2020-11-04T04:46:16Z, 2123976, 0.469, 996144.744, 0.515, 1093847.64
2020-11-04T04:46:50Z, 2128835, 0.469, 998423.615, 0.515, 1096350.025
2020-11-04T04:47:22Z, 2129606, 0.469, 998785.214, 0.515, 1096747.09
2020-11-04T04:47:38Z, 2131642, 0.468, 997608.456, 0.515, 1097795.63
2020-11-04T04:47:40Z, 2132059, 0.468, 997803.612, 0.515, 1098010.385
2020-11-04T04:49:29Z, 2135490, 0.468, 999409.32, 0.515, 1099777.35
2020-11-04T04:49:53Z, 2137383, 0.468, 1000295.244, 0.515, 1100752.245
2020-11-04T04:50:03Z, 2138774, 0.468, 1000946.232, 0.515, 1101468.61
2020-11-04T04:50:32Z, 2142892, 0.468, 1002873.456, 0.516, 1105732.272
2020-11-04T04:51:27Z, 2165402, 0.468, 1013408.136, 0.515, 1115182.03
2020-11-04T04:52:34Z, 2166643, 0.468, 1013988.924, 0.515, 1115821.145
2020-11-04T04:52:50Z, 2188006, 0.468, 1023986.808, 0.515, 1126823.09
2020-11-04T04:53:20Z, 2197641, 0.468, 1028495.988, 0.516, 1133982.756
2020-11-04T04:53:58Z, 2200270, 0.468, 1029726.36, 0.516, 1135339.32
2020-11-04T04:55:25Z, 2200276, 0.468, 1029729.168, 0.516, 1135342.416
2020-11-04T04:59:29Z, 2207989, 0.468, 1033338.852, 0.515, 1137114.335
2020-11-04T04:59:48Z, 2221011, 0.468, 1039433.148, 0.515, 1143820.665
2020-11-04T05:00:01Z, 2234990, 0.467, 1043740.33, 0.516, 1153254.84
2020-11-04T05:00:27Z, 2244377, 0.467, 1048124.059, 0.516, 1158098.532
2020-11-04T05:00:51Z, 2244384, 0.467, 1048127.328, 0.516, 1158102.144
2020-11-04T05:00:56Z, 2252222, 0.468, 1054039.896, 0.516, 1162146.552
2020-11-04T05:02:42Z, 2265835, 0.468, 1060410.78, 0.515, 1166905.025
2020-11-04T05:02:56Z, 2269427, 0.468, 1062091.836, 0.515, 1168754.905
2020-11-04T05:04:32Z, 2270451, 0.468, 1062571.068, 0.515, 1169282.265
2020-11-04T05:05:01Z, 2274150, 0.468, 1064302.2, 0.515, 1171187.25
2020-11-04T05:05:56Z, 2293057, 0.467, 1070857.619, 0.516, 1183217.412
2020-11-04T05:07:35Z, 2293064, 0.467, 1070860.888, 0.516, 1183221.024
2020-11-04T05:08:03Z, 2293067, 0.467, 1070862.289, 0.516, 1183222.572
2020-11-04T05:08:23Z, 2293582, 0.467, 1071102.794, 0.516, 1183488.312
2020-11-04T05:08:36Z, 2302567, 0.467, 1075298.789, 0.516, 1188124.572
2020-11-04T05:08:56Z, 2322181, 0.469, 1089102.889, 0.515, 1195923.215
2020-11-04T05:09:20Z, 2322855, 0.469, 1089418.995, 0.515, 1196270.325
2020-11-04T05:10:01Z, 2327389, 0.468, 1089218.052, 0.515, 1198605.335
2020-11-04T05:10:46Z, 2329272, 0.468, 1090099.296, 0.515, 1199575.08
2020-11-04T05:11:09Z, 2342477, 0.469, 1098621.713, 0.514, 1204033.178
2020-11-04T05:11:17Z, 2346044, 0.469, 1100294.636, 0.514, 1205866.616
2020-11-04T05:12:11Z, 2354474, 0.469, 1104248.306, 0.514, 1210199.636
2020-11-04T05:12:42Z, 2364465, 0.468, 1106569.62, 0.515, 1217699.475
2020-11-04T05:13:52Z, 2367302, 0.468, 1107897.336, 0.515, 1219160.53
2020-11-04T05:15:34Z, 2374003, 0.468, 1111033.404, 0.515, 1222611.545
2020-11-04T05:15:58Z, 2378145, 0.468, 1112971.86, 0.516, 1227122.82
2020-11-04T05:17:00Z, 2379040, 0.468, 1113390.72, 0.516, 1227584.64
2020-11-04T05:17:19Z, 2387873, 0.467, 1115136.691, 0.516, 1232142.468
2020-11-04T05:17:46Z, 2390630, 0.467, 1116424.21, 0.516, 1233565.08
2020-11-04T05:18:00Z, 2392985, 0.467, 1117523.995, 0.516, 1234780.26
2020-11-04T05:18:25Z, 2408891, 0.467, 1124952.097, 0.516, 1242987.756
2020-11-04T05:18:46Z, 2409411, 0.467, 1125194.937, 0.516, 1243256.076
2020-11-04T05:20:13Z, 2413813, 0.467, 1127250.671, 0.516, 1245527.508
2020-11-04T05:21:16Z, 2415075, 0.467, 1127840.025, 0.516, 1246178.7
2020-11-04T05:21:33Z, 2416138, 0.467, 1128336.446, 0.516, 1246727.208
2020-11-04T05:21:46Z, 2422193, 0.468, 1133586.324, 0.516, 1249851.588
2020-11-04T05:22:08Z, 2422964, 0.468, 1133947.152, 0.516, 1250249.424
2020-11-04T05:23:00Z, 2424623, 0.468, 1134723.564, 0.516, 1251105.468
2020-11-04T05:24:07Z, 2436212, 0.467, 1137711.004, 0.516, 1257085.392
2020-11-04T05:24:16Z, 2432869, 0.467, 1136149.823, 0.516, 1255360.404
2020-11-04T05:24:31Z, 2440230, 0.467, 1139587.41, 0.516, 1259158.68
2020-11-04T05:24:45Z, 2441322, 0.467, 1140097.374, 0.516, 1259722.152
2020-11-04T05:25:13Z, 2444492, 0.467, 1141577.764, 0.516, 1261357.872
2020-11-04T05:26:04Z, 2467759, 0.467, 1152443.453, 0.516, 1273363.644
2020-11-04T05:26:16Z, 2470084, 0.467, 1153529.228, 0.516, 1274563.344
2020-11-04T05:26:27Z, 2472461, 0.467, 1154639.287, 0.516, 1275789.876
2020-11-04T05:27:13Z, 2485031, 0.467, 1160509.477, 0.516, 1282275.996
2020-11-04T05:27:30Z, 2494121, 0.468, 1167248.628, 0.516, 1286966.436
2020-11-04T05:27:57Z, 2497132, 0.468, 1168657.776, 0.515, 1286022.98
2020-11-04T05:28:25Z, 2504017, 0.468, 1171879.956, 0.516, 1292072.772
2020-11-04T05:28:47Z, 2504920, 0.468, 1172302.56, 0.516, 1292538.72
2020-11-04T05:29:04Z, 2511573, 0.468, 1175416.164, 0.515, 1293460.095
2020-11-04T05:29:25Z, 2512288, 0.468, 1175750.784, 0.515, 1293828.32
2020-11-04T05:31:37Z, 2514347, 0.468, 1176714.396, 0.515, 1294888.705
2020-11-04T05:33:07Z, 2515499, 0.468, 1177253.532, 0.515, 1295481.985
2020-11-04T05:33:31Z, 2516315, 0.468, 1177635.42, 0.515, 1295902.225
2020-11-04T05:33:47Z, 2517584, 0.468, 1178229.312, 0.515, 1296555.76
2020-11-04T05:34:07Z, 2521866, 0.468, 1180233.288, 0.515, 1298760.99
2020-11-04T05:34:39Z, 2540318, 0.468, 1188868.824, 0.515, 1308263.77
2020-11-04T05:35:29Z, 2541802, 0.468, 1189563.336, 0.515, 1309028.03
2020-11-04T05:36:08Z, 2544524, 0.468, 1190837.232, 0.515, 1310429.86
2020-11-04T05:36:20Z, 2552095, 0.468, 1194380.46, 0.515, 1314328.925
2020-11-04T05:37:14Z, 2553926, 0.468, 1195237.368, 0.515, 1315271.89
2020-11-04T05:40:56Z, 2555115, 0.468, 1195793.82, 0.515, 1315884.225
2020-11-04T05:42:20Z, 2555775, 0.468, 1196102.7, 0.515, 1316224.125
2020-11-04T05:45:28Z, 2556008, 0.468, 1196211.744, 0.515, 1316344.12
2020-11-04T05:48:33Z, 2578364, 0.47, 1211831.08, 0.513, 1322700.732
2020-11-04T05:51:28Z, 2579187, 0.47, 1212217.89, 0.513, 1323122.931
2020-11-04T05:53:11Z, 2583576, 0.47, 1214280.72, 0.513, 1325374.488
2020-11-04T05:54:15Z, 2585049, 0.469, 1212387.981, 0.513, 1326130.137
2020-11-04T05:56:21Z, 2589375, 0.47, 1217006.25, 0.513, 1328349.375
2020-11-04T05:56:38Z, 2595018, 0.469, 1217063.442, 0.514, 1333839.252
2020-11-04T06:04:13Z, 2605180, 0.47, 1224434.6, 0.513, 1336457.34
2020-11-04T06:05:54Z, 2607165, 0.47, 1225367.55, 0.513, 1337475.645
2020-11-04T06:06:26Z, 2607527, 0.47, 1225537.69, 0.513, 1337661.351
2020-11-04T06:08:16Z, 2608318, 0.47, 1225909.46, 0.513, 1338067.134
2020-11-04T06:09:32Z, 2616808, 0.47, 1229899.76, 0.513, 1342422.504
2020-11-04T06:09:44Z, 2617890, 0.47, 1230408.3, 0.513, 1342977.57
2020-11-04T06:10:24Z, 2622217, 0.47, 1232441.99, 0.513, 1345197.321
2020-11-04T06:10:53Z, 2622694, 0.47, 1232666.18, 0.513, 1345442.022
2020-11-04T06:11:20Z, 2624790, 0.47, 1233651.3, 0.513, 1346517.27
2020-11-04T06:12:27Z, 2660322, 0.47, 1250351.34, 0.513, 1364745.186
2020-11-04T06:12:51Z, 2668708, 0.47, 1254292.76, 0.513, 1369047.204
2020-11-04T06:13:56Z, 2677108, 0.47, 1258240.76, 0.513, 1373356.404
2020-11-04T06:14:15Z, 2685549, 0.471, 1264893.579, 0.512, 1375001.088
2020-11-04T06:15:59Z, 2686364, 0.471, 1265277.444, 0.512, 1375418.368
2020-11-04T06:16:33Z, 2690757, 0.47, 1264655.79, 0.512, 1377667.584
2020-11-04T06:17:18Z, 2692606, 0.47, 1265524.82, 0.512, 1378614.272
2020-11-04T06:18:08Z, 2697549, 0.47, 1267848.03, 0.512, 1381145.088
2020-11-04T06:19:12Z, 2698626, 0.47, 1268354.22, 0.512, 1381696.512
2020-11-04T06:19:44Z, 2699482, 0.47, 1268756.54, 0.512, 1382134.784
2020-11-04T06:19:50Z, 2701266, 0.471, 1272296.286, 0.512, 1383048.192
2020-11-04T06:21:05Z, 2708115, 0.471, 1275522.165, 0.512, 1386554.88
2020-11-04T06:21:44Z, 2709386, 0.47, 1273411.42, 0.512, 1387205.632
2020-11-04T06:25:44Z, 2731555, 0.47, 1283830.85, 0.512, 1398556.16
2020-11-04T06:25:51Z, 2734421, 0.471, 1287912.291, 0.512, 1400023.552
2020-11-04T06:30:01Z, 2737190, 0.471, 1289216.49, 0.512, 1401441.28
2020-11-04T06:30:15Z, 2765508, 0.473, 1308085.284, 0.51, 1410409.08
2020-11-04T06:30:39Z, 2767470, 0.472, 1306245.84, 0.51, 1411409.7
2020-11-04T06:31:15Z, 2769617, 0.472, 1307259.224, 0.51, 1412504.67
2020-11-04T06:31:47Z, 2778149, 0.472, 1311286.328, 0.51, 1416855.99
2020-11-04T06:32:40Z, 2782849, 0.472, 1313504.728, 0.51, 1419252.99
2020-11-04T06:33:22Z, 2783653, 0.472, 1313884.216, 0.511, 1422446.683
2020-11-04T06:35:26Z, 2787106, 0.472, 1315514.032, 0.511, 1424211.166
2020-11-04T06:36:57Z, 2793541, 0.472, 1318551.352, 0.51, 1424705.91
2020-11-04T06:38:34Z, 2793572, 0.472, 1318565.984, 0.51, 1424721.72
2020-11-04T06:41:52Z, 2799460, 0.472, 1321345.12, 0.51, 1427724.6
2020-11-04T06:43:11Z, 2800872, 0.472, 1322011.584, 0.51, 1428444.72
2020-11-04T06:43:25Z, 2802294, 0.472, 1322682.768, 0.51, 1429169.94
2020-11-04T06:45:23Z, 2803631, 0.472, 1323313.832, 0.51, 1429851.81
2020-11-04T06:46:24Z, 2806964, 0.472, 1324887.008, 0.51, 1431551.64
2020-11-04T06:54:13Z, 2811165, 0.472, 1326869.88, 0.51, 1433694.15
2020-11-04T06:56:40Z, 2812169, 0.472, 1327343.768, 0.51, 1434206.19
2020-11-04T07:01:29Z, 2816008, 0.472, 1329155.776, 0.511, 1438980.088
2020-11-04T07:04:30Z, 2819920, 0.472, 1331002.24, 0.511, 1440979.12
2020-11-04T07:05:38Z, 2820429, 0.472, 1331242.488, 0.511, 1441239.219
2020-11-04T07:08:20Z, 2836770, 0.472, 1338955.44, 0.511, 1449589.47
2020-11-04T07:10:45Z, 2843902, 0.471, 1339477.842, 0.511, 1453233.922
2020-11-04T07:11:44Z, 2857924, 0.472, 1348940.128, 0.511, 1460399.164
2020-11-04T07:12:10Z, 2861549, 0.472, 1350651.128, 0.511, 1462251.539
2020-11-04T07:13:38Z, 2862591, 0.472, 1351142.952, 0.511, 1462784.001
2020-11-04T07:14:56Z, 2872288, 0.471, 1352847.648, 0.511, 1467739.168
2020-11-04T07:15:58Z, 2876339, 0.471, 1354755.669, 0.511, 1469809.229
2020-11-04T07:16:49Z, 2877947, 0.471, 1355513.037, 0.511, 1470630.917
2020-11-04T07:17:05Z, 2879279, 0.471, 1356140.409, 0.511, 1471311.569
2020-11-04T07:17:56Z, 2879285, 0.471, 1356143.235, 0.511, 1471314.635
2020-11-04T07:19:03Z, 2897372, 0.471, 1364662.212, 0.511, 1480557.092
2020-11-04T07:26:09Z, 2898140, 0.471, 1365023.94, 0.511, 1480949.54
2020-11-04T07:41:38Z, 2900348, 0.471, 1366063.908, 0.511, 1482077.828
2020-11-04T07:45:52Z, 2905591, 0.471, 1368533.361, 0.511, 1484757.001
2020-11-04T07:46:05Z, 2906587, 0.471, 1369002.477, 0.511, 1485265.957
2020-11-04T07:52:40Z, 2927347, 0.471, 1378780.437, 0.511, 1495874.317
2020-11-04T08:05:20Z, 2931566, 0.471, 1380767.586, 0.511, 1498030.226
2020-11-04T08:09:23Z, 2935233, 0.471, 1382494.743, 0.512, 1502839.296
2020-11-04T08:10:24Z, 2935330, 0.471, 1382540.43, 0.512, 1502888.96
2020-11-04T08:12:01Z, 2939868, 0.471, 1384677.828, 0.511, 1502272.548
2020-11-04T08:16:48Z, 2946099, 0.471, 1387612.629, 0.511, 1505456.589
2020-11-04T08:18:03Z, 2947026, 0.471, 1388049.246, 0.511, 1505930.286
2020-11-04T08:20:12Z, 2949370, 0.471, 1389153.27, 0.512, 1510077.44
2020-11-04T08:20:39Z, 2951607, 0.471, 1390206.897, 0.512, 1511222.784
2020-11-04T08:24:29Z, 2962349, 0.471, 1395266.379, 0.511, 1513760.339
2020-11-04T08:27:35Z, 2963214, 0.471, 1395673.794, 0.511, 1514202.354
2020-11-04T08:32:00Z, 3002469, 0.473, 1420167.837, 0.509, 1528256.721
2020-11-04T09:08:47Z, 3008366, 0.473, 1422957.118, 0.509, 1531258.294
2020-11-04T09:37:04Z, 3018212, 0.473, 1427614.276, 0.509, 1536269.908
2020-11-04T09:42:20Z, 3186598, 0.493, 1570992.814, 0.49, 1561433.02
2020-11-04T09:46:31Z, 3191376, 0.493, 1573348.368, 0.49, 1563774.24
2020-11-04T09:47:24Z, 3194807, 0.493, 1575039.851, 0.49, 1565455.43
2020-11-04T09:54:17Z, 3198294, 0.493, 1576758.942, 0.49, 1567164.06
2020-11-04T10:00:53Z, 3198881, 0.493, 1577048.333, 0.49, 1567451.69
2020-11-04T10:02:07Z, 3202347, 0.493, 1578757.071, 0.49, 1569150.03
2020-11-04T10:07:31Z, 3203733, 0.493, 1579440.369, 0.49, 1569829.17
2020-11-04T10:09:41Z, 3207446, 0.493, 1581270.878, 0.49, 1571648.54
2020-11-04T10:10:38Z, 3209150, 0.493, 1582110.95, 0.49, 1572483.5
2020-11-04T10:15:30Z, 3210961, 0.493, 1583003.773, 0.49, 1573370.89
2020-11-04T10:25:53Z, 3215161, 0.493, 1585074.373, 0.49, 1575428.89
2020-11-04T10:38:22Z, 3217007, 0.493, 1585984.451, 0.49, 1576333.43
2020-11-04T11:03:24Z, 3218631, 0.492, 1583566.452, 0.49, 1577129.19
2020-11-04T12:04:37Z, 3265757, 0.493, 1610018.201, 0.49, 1600220.93
2020-11-04T12:16:38Z, 3296836, 0.495, 1631933.82, 0.488, 1608855.968
2020-11-04T17:44:57Z, 3297199, 0.494, 1628816.306, 0.488, 1609033.112
2020-11-04T18:27:01Z, 3297134, 0.494, 1628784.196, 0.488, 1609001.392
2020-11-04T18:31:57Z, 3297137, 0.494, 1628785.678, 0.488, 1609002.856
2020-11-05T15:52:13Z, 3297408, 0.494, 1628919.552, 0.488, 1609135.104
2020-11-05T17:35:07Z, 3297420, 0.494, 1628925.48, 0.488, 1609140.96
2020-11-06T20:08:43Z, 3297421, 0.494, 1628925.974, 0.488, 1609141.448
2020-11-06T20:16:38Z, 3297471, 0.494, 1628950.674, 0.488, 1609165.848
2020-11-06T23:02:13Z, 3297473, 0.494, 1628951.662, 0.488, 1609166.824
